Policy Interest Rates,Brazil,2000-01-04,19,Harian,Poin
Policy Interest Rates,Brazil,2000-01-05,19,Harian,Poin
Policy Interest Rates,Brazil,2000-01-06,19,Harian,Poin
Policy Interest Rates,Brazil,2000-01-07,19,Harian,Poin
Policy Interest Rates,Brazil,2000-01-10,19,Harian,Poin
Policy Interest Rates,Brazil,2000-01-11,19,Harian,Poin
Policy Interest Rates,Brazil,2000-01-12,19,Harian,Poin
Policy Interest Rates,Brazil,2000-01-13,19,Harian,Poin
Policy Interest Rates,Brazil,2000-01-14,19,Harian,Poin
Policy Interest Rates,Brazil,2000-01-17,19,Harian,Poin
Policy Interest Rates,Brazil,2000-01-18,19,Harian,Poin
Policy Interest Rates,Brazil,2000-01-19,19,Harian,Poin
Policy Interest Rates,Brazil,2000-01-20,19,Harian,Poin
Policy Interest Rates,Brazil,2000-01-21,19,Harian,Poin
Policy Interest Rates,Brazil,2000-01-24,19,Harian,Poin
Policy Interest Rates,Brazil,2000-01-25,19,Harian,Poin
Policy Interest Rates,Brazil,2000-01-26,19,Harian,Poin
Policy Interest Rates,Brazil,2000-01-27,19,Harian,Poin
Policy Interest Rates,Brazil,2000-01-28,19,Harian,Poin
Policy Interest Rates,Brazil,2000-01-31,19,Harian,Poin
Policy Interest Rates,Brazil,2000-02-01,19,Harian,Poin
Policy Interest Rates,Brazil,2000-02-02,19,Harian,Poin
Policy Interest Rates,Brazil,2000-02-03,19,Harian,Poin
Policy Interest Rates,Brazil,2000-02-04,19,Harian,Poin
Policy Interest Rates,Brazil,2000-02-07,19,Harian,Poin
Policy Interest Rates,Brazil,2000-02-08,19,Harian,Poin
Policy Interest Rates,Brazil,2000-02-09,19,Harian,Poin
Policy Interest Rates,Brazil,2000-02-10,19,Harian,Poin
Policy Interest Rates,Brazil,2000-02-11,19,Harian,Poin
Policy Interest Rates,Brazil,2000-02-14,19,Harian,Poin
Policy Interest Rates,Brazil,2000-02-15,19,Harian,Poin
Policy Interest Rates,Brazil,2000-02-16,19,Harian,Poin
Policy Interest Rates,Brazil,2000-02-17,19,Harian,Poin
Policy Interest Rates,Brazil,2000-02-18,19,Harian,Poin
Policy Interest Rates,Brazil,2000-02-21,19,Harian,Poin
Policy Interest Rates,Brazil,2000-02-22,19,Harian,Poin
Policy Interest Rates,Brazil,2000-02-23,19,Harian,Poin
Policy Interest Rates,Brazil,2000-02-24,19,Harian,Poin
Policy Interest Rates,Brazil,2000-02-25,19,Harian,Poin
Policy Interest Rates,Brazil,2000-02-28,19,Harian,Poin
Policy Interest Rates,Brazil,2000-02-29,19,Harian,Poin
Policy Interest Rates,Brazil,2000-03-01,19,Harian,Poin
Policy Interest Rates,Brazil,2000-03-02,19,Harian,Poin
Policy Interest Rates,Brazil,2000-03-03,19,Harian,Poin
Policy Interest Rates,Brazil,2000-03-06,19,Harian,Poin
Policy Interest Rates,Brazil,2000-03-07,19,Harian,Poin
Policy Interest Rates,Brazil,2000-03-08,19,Harian,Poin
Policy Interest Rates,Brazil,2000-03-09,19,Harian,Poin
Policy Interest Rates,Brazil,2000-03-10,19,Harian,Poin
Policy Interest Rates,Brazil,2000-03-13,19,Harian,Poin
Policy Interest Rates,Brazil,2000-03-14,19,Harian,Poin
Policy Interest Rates,Brazil,2000-03-15,19,Harian,Poin
Policy Interest Rates,Brazil,2000-03-16,19,Harian,Poin
Policy Interest Rates,Brazil,2000-03-17,19,Harian,Poin
Policy Interest Rates,Brazil,2000-03-20,19,Harian,Poin
Policy Interest Rates,Brazil,2000-03-21,19,Harian,Poin
Policy Interest Rates,Brazil,2000-03-22,19,Harian,Poin
Policy Interest Rates,Brazil,2000-03-23,19,Harian,Poin
Policy Interest Rates,Brazil,2000-03-24,19,Harian,Poin
Policy Interest Rates,Brazil,2000-03-27,19,Harian,Poin
Policy Interest Rates,Brazil,2000-03-28,19,Harian,Poin
Policy Interest Rates,Brazil,2000-03-29,18.5,Harian,Poin
Policy Interest Rates,Brazil,2000-03-30,18.5,Harian,Poin
Policy Interest Rates,Brazil,2000-03-31,18.5,Harian,Poin
Policy Interest Rates,Brazil,2000-04-03,18.5,Harian,Poin
Policy Interest Rates,Brazil,2000-04-04,18.5,Harian,Poin
Policy Interest Rates,Brazil,2000-04-05,18.5,Harian,Poin
Policy Interest Rates,Brazil,2000-04-06,18.5,Harian,Poin
Policy Interest Rates,Brazil,2000-04-07,18.5,Harian,Poin
Policy Interest Rates,Brazil,2000-04-10,18.5,Harian,Poin
Policy Interest Rates,Brazil,2000-04-11,18.5,Harian,Poin
Policy Interest Rates,Brazil,2000-04-12,18.5,Harian,Poin
Policy Interest Rates,Brazil,2000-04-13,18.5,Harian,Poin
Policy Interest Rates,Brazil,2000-04-14,18.5,Harian,Poin
Policy Interest Rates,Brazil,2000-04-17,18.5,Harian,Poin
Policy Interest Rates,Brazil,2000-04-18,18.5,Harian,Poin
Policy Interest Rates,Brazil,2000-04-19,18.5,Harian,Poin
Policy Interest Rates,Brazil,2000-04-20,18.5,Harian,Poin
Policy Interest Rates,Brazil,2000-04-21,18.5,Harian,Poin
Policy Interest Rates,Brazil,2000-04-25,18.5,Harian,Poin
Policy Interest Rates,Brazil,2000-04-26,18.5,Harian,Poin
Policy Interest Rates,Brazil,2000-04-27,18.5,Harian,Poin
Policy Interest Rates,Brazil,2000-04-28,18.5,Harian,Poin
Policy Interest Rates,Brazil,2000-05-01,18.5,Harian,Poin
Policy Interest Rates,Brazil,2000-05-02,18.5,Harian,Poin
Policy Interest Rates,Brazil,2000-05-03,18.5,Harian,Poin
Policy Interest Rates,Brazil,2000-05-04,18.5,Harian,Poin
Policy Interest Rates,Brazil,2000-05-05,18.5,Harian,Poin
Policy Interest Rates,Brazil,2000-05-08,18.5,Harian,Poin
Policy Interest Rates,Brazil,2000-05-09,18.5,Harian,Poin
Policy Interest Rates,Brazil,2000-05-10,18.5,Harian,Poin
Policy Interest Rates,Brazil,2000-05-11,18.5,Harian,Poin
Policy Interest Rates,Brazil,2000-05-12,18.5,Harian,Poin
Policy Interest Rates,Brazil,2000-05-15,18.5,Harian,Poin
Policy Interest Rates,Brazil,2000-05-16,18.5,Harian,Poin
Policy Interest Rates,Brazil,2000-05-17,18.5,Harian,Poin
Policy Interest Rates,Brazil,2000-05-18,18.5,Harian,Poin
Policy Interest Rates,Brazil,2000-05-19,18.5,Harian,Poin
Policy Interest Rates,Brazil,2000-05-22,18.5,Harian,Poin
Policy Interest Rates,Brazil,2000-05-23,18.5,Harian,Poin
Policy Interest Rates,Brazil,2000-05-24,18.5,Harian,Poin
Policy Interest Rates,Brazil,2000-05-25,18.5,Harian,Poin
Policy Interest Rates,Brazil,2000-05-26,18.5,Harian,Poin
Policy Interest Rates,Brazil,2000-05-29,18.5,Harian,Poin
Policy Interest Rates,Brazil,2000-05-30,18.5,Harian,Poin
Policy Interest Rates,Brazil,2000-05-31,18.5,Harian,Poin
Policy Interest Rates,Brazil,2000-06-01,18.5,Harian,Poin
Policy Interest Rates,Brazil,2000-06-02,18.5,Harian,Poin
Policy Interest Rates,Brazil,2000-06-05,18.5,Harian,Poin
Policy Interest Rates,Brazil,2000-06-06,18.5,Harian,Poin
Policy Interest Rates,Brazil,2000-06-07,18.5,Harian,Poin
Policy Interest Rates,Brazil,2000-06-08,18.5,Harian,Poin
Policy Interest Rates,Brazil,2000-06-09,18.5,Harian,Poin
Policy Interest Rates,Brazil,2000-06-12,18.5,Harian,Poin
Policy Interest Rates,Brazil,2000-06-13,18.5,Harian,Poin
Policy Interest Rates,Brazil,2000-06-14,18.5,Harian,Poin
Policy Interest Rates,Brazil,2000-06-15,18.5,Harian,Poin
Policy Interest Rates,Brazil,2000-06-16,18.5,Harian,Poin
Policy Interest Rates,Brazil,2000-06-19,18.5,Harian,Poin
Policy Interest Rates,Brazil,2000-06-20,18.5,Harian,Poin
Policy Interest Rates,Brazil,2000-06-21,17.5,Harian,Poin
Policy Interest Rates,Brazil,2000-06-22,17.5,Harian,Poin
Policy Interest Rates,Brazil,2000-06-23,17.5,Harian,Poin
Policy Interest Rates,Brazil,2000-06-26,17.5,Harian,Poin
Policy Interest Rates,Brazil,2000-06-27,17.5,Harian,Poin
Policy Interest Rates,Brazil,2000-06-28,17.5,Harian,Poin
Policy Interest Rates,Brazil,2000-06-29,17.5,Harian,Poin
Policy Interest Rates,Brazil,2000-06-30,17.5,Harian,Poin
Policy Interest Rates,Brazil,2000-07-03,17.5,Harian,Poin
Policy Interest Rates,Brazil,2000-07-04,17.5,Harian,Poin
Policy Interest Rates,Brazil,2000-07-05,17.5,Harian,Poin
Policy Interest Rates,Brazil,2000-07-06,17.5,Harian,Poin
Policy Interest Rates,Brazil,2000-07-07,17.5,Harian,Poin
Policy Interest Rates,Brazil,2000-07-10,17,Harian,Poin
Policy Interest Rates,Brazil,2000-07-11,17,Harian,Poin
Policy Interest Rates,Brazil,2000-07-12,17,Harian,Poin
Policy Interest Rates,Brazil,2000-07-13,17,Harian,Poin
Policy Interest Rates,Brazil,2000-07-14,17,Harian,Poin
Policy Interest Rates,Brazil,2000-07-17,17,Harian,Poin
Policy Interest Rates,Brazil,2000-07-18,17,Harian,Poin
Policy Interest Rates,Brazil,2000-07-19,17,Harian,Poin
Policy Interest Rates,Brazil,2000-07-20,16.5,Harian,Poin
Policy Interest Rates,Brazil,2000-07-21,16.5,Harian,Poin
Policy Interest Rates,Brazil,2000-07-24,16.5,Harian,Poin
Policy Interest Rates,Brazil,2000-07-25,16.5,Harian,Poin
Policy Interest Rates,Brazil,2000-07-26,16.5,Harian,Poin
Policy Interest Rates,Brazil,2000-07-27,16.5,Harian,Poin
Policy Interest Rates,Brazil,2000-07-28,16.5,Harian,Poin
Policy Interest Rates,Brazil,2000-07-31,16.5,Harian,Poin
Policy Interest Rates,Brazil,2000-08-01,16.5,Harian,Poin
Policy Interest Rates,Brazil,2000-08-02,16.5,Harian,Poin
Policy Interest Rates,Brazil,2000-08-03,16.5,Harian,Poin
Policy Interest Rates,Brazil,2000-08-04,16.5,Harian,Poin
Policy Interest Rates,Brazil,2000-08-07,16.5,Harian,Poin
Policy Interest Rates,Brazil,2000-08-08,16.5,Harian,Poin
Policy Interest Rates,Brazil,2000-08-09,16.5,Harian,Poin
Policy Interest Rates,Brazil,2000-08-10,16.5,Harian,Poin
Policy Interest Rates,Brazil,2000-08-11,16.5,Harian,Poin
Policy Interest Rates,Brazil,2000-08-14,16.5,Harian,Poin
Policy Interest Rates,Brazil,2000-08-15,16.5,Harian,Poin
Policy Interest Rates,Brazil,2000-08-16,16.5,Harian,Poin
Policy Interest Rates,Brazil,2000-08-17,16.5,Harian,Poin
Policy Interest Rates,Brazil,2000-08-18,16.5,Harian,Poin
Policy Interest Rates,Brazil,2000-08-21,16.5,Harian,Poin
Policy Interest Rates,Brazil,2000-08-22,16.5,Harian,Poin
Policy Interest Rates,Brazil,2000-08-23,16.5,Harian,Poin
Policy Interest Rates,Brazil,2000-08-24,16.5,Harian,Poin
Policy Interest Rates,Brazil,2000-08-25,16.5,Harian,Poin
Policy Interest Rates,Brazil,2000-08-28,16.5,Harian,Poin
Policy Interest Rates,Brazil,2000-08-29,16.5,Harian,Poin
Policy Interest Rates,Brazil,2000-08-30,16.5,Harian,Poin
Policy Interest Rates,Brazil,2000-08-31,16.5,Harian,Poin
Policy Interest Rates,Brazil,2000-09-01,16.5,Harian,Poin
Policy Interest Rates,Brazil,2000-09-04,16.5,Harian,Poin
Policy Interest Rates,Brazil,2000-09-05,16.5,Harian,Poin
Policy Interest Rates,Brazil,2000-09-06,16.5,Harian,Poin
Policy Interest Rates,Brazil,2000-09-07,16.5,Harian,Poin
Policy Interest Rates,Brazil,2000-09-08,16.5,Harian,Poin
Policy Interest Rates,Brazil,2000-09-11,16.5,Harian,Poin
Policy Interest Rates,Brazil,2000-09-12,16.5,Harian,Poin
Policy Interest Rates,Brazil,2000-09-13,16.5,Harian,Poin
Policy Interest Rates,Brazil,2000-09-14,16.5,Harian,Poin
Policy Interest Rates,Brazil,2000-09-15,16.5,Harian,Poin
Policy Interest Rates,Brazil,2000-09-18,16.5,Harian,Poin
Policy Interest Rates,Brazil,2000-09-19,16.5,Harian,Poin
Policy Interest Rates,Brazil,2000-09-20,16.5,Harian,Poin
Policy Interest Rates,Brazil,2000-09-21,16.5,Harian,Poin
Policy Interest Rates,Brazil,2000-09-22,16.5,Harian,Poin
Policy Interest Rates,Brazil,2000-09-25,16.5,Harian,Poin
Policy Interest Rates,Brazil,2000-09-26,16.5,Harian,Poin
Policy Interest Rates,Brazil,2000-09-27,16.5,Harian,Poin
Policy Interest Rates,Brazil,2000-09-28,16.5,Harian,Poin
Policy Interest Rates,Brazil,2000-09-29,16.5,Harian,Poin
Policy Interest Rates,Brazil,2000-10-02,16.5,Harian,Poin
Policy Interest Rates,Brazil,2000-10-03,16.5,Harian,Poin
Policy Interest Rates,Brazil,2000-10-04,16.5,Harian,Poin
Policy Interest Rates,Brazil,2000-10-05,16.5,Harian,Poin
Policy Interest Rates,Brazil,2000-10-06,16.5,Harian,Poin
Policy Interest Rates,Brazil,2000-10-09,16.5,Harian,Poin
Policy Interest Rates,Brazil,2000-10-10,16.5,Harian,Poin
Policy Interest Rates,Brazil,2000-10-11,16.5,Harian,Poin
Policy Interest Rates,Brazil,2000-10-12,16.5,Harian,Poin
Policy Interest Rates,Brazil,2000-10-13,16.5,Harian,Poin
Policy Interest Rates,Brazil,2000-10-16,16.5,Harian,Poin
Policy Interest Rates,Brazil,2000-10-17,16.5,Harian,Poin
Policy Interest Rates,Brazil,2000-10-18,16.5,Harian,Poin
Policy Interest Rates,Brazil,2000-10-19,16.5,Harian,Poin
Policy Interest Rates,Brazil,2000-10-20,16.5,Harian,Poin
Policy Interest Rates,Brazil,2000-10-23,16.5,Harian,Poin
Policy Interest Rates,Brazil,2000-10-24,16.5,Harian,Poin
Policy Interest Rates,Brazil,2000-10-25,16.5,Harian,Poin
Policy Interest Rates,Brazil,2000-10-26,16.5,Harian,Poin
Policy Interest Rates,Brazil,2000-10-27,16.5,Harian,Poin
Policy Interest Rates,Brazil,2000-10-30,16.5,Harian,Poin
Policy Interest Rates,Brazil,2000-10-31,16.5,Harian,Poin
Policy Interest Rates,Brazil,2000-11-01,16.5,Harian,Poin
Policy Interest Rates,Brazil,2000-11-02,16.5,Harian,Poin
Policy Interest Rates,Brazil,2000-11-03,16.5,Harian,Poin
Policy Interest Rates,Brazil,2000-11-06,16.5,Harian,Poin
Policy Interest Rates,Brazil,2000-11-07,16.5,Harian,Poin
Policy Interest Rates,Brazil,2000-11-08,16.5,Harian,Poin
Policy Interest Rates,Brazil,2000-11-09,16.5,Harian,Poin
Policy Interest Rates,Brazil,2000-11-10,16.5,Harian,Poin
Policy Interest Rates,Brazil,2000-11-13,16.5,Harian,Poin
Policy Interest Rates,Brazil,2000-11-14,16.5,Harian,Poin
Policy Interest Rates,Brazil,2000-11-15,16.5,Harian,Poin
Policy Interest Rates,Brazil,2000-11-16,16.5,Harian,Poin
Policy Interest Rates,Brazil,2000-11-17,16.5,Harian,Poin
Policy Interest Rates,Brazil,2000-11-20,16.5,Harian,Poin
Policy Interest Rates,Brazil,2000-11-21,16.5,Harian,Poin
Policy Interest Rates,Brazil,2000-11-22,16.5,Harian,Poin
Policy Interest Rates,Brazil,2000-11-23,16.5,Harian,Poin
Policy Interest Rates,Brazil,2000-11-24,16.5,Harian,Poin
Policy Interest Rates,Brazil,2000-11-27,16.5,Harian,Poin
Policy Interest Rates,Brazil,2000-11-28,16.5,Harian,Poin
Policy Interest Rates,Brazil,2000-11-29,16.5,Harian,Poin
Policy Interest Rates,Brazil,2000-11-30,16.5,Harian,Poin
Policy Interest Rates,Brazil,2000-12-01,16.5,Harian,Poin
Policy Interest Rates,Brazil,2000-12-04,16.5,Harian,Poin
Policy Interest Rates,Brazil,2000-12-05,16.5,Harian,Poin
Policy Interest Rates,Brazil,2000-12-06,16.5,Harian,Poin
Policy Interest Rates,Brazil,2000-12-07,16.5,Harian,Poin
Policy Interest Rates,Brazil,2000-12-08,16.5,Harian,Poin
Policy Interest Rates,Brazil,2000-12-11,16.5,Harian,Poin
Policy Interest Rates,Brazil,2000-12-12,16.5,Harian,Poin
Policy Interest Rates,Brazil,2000-12-13,16.5,Harian,Poin
Policy Interest Rates,Brazil,2000-12-14,16.5,Harian,Poin
Policy Interest Rates,Brazil,2000-12-15,16.5,Harian,Poin
Policy Interest Rates,Brazil,2000-12-18,16.5,Harian,Poin
Policy Interest Rates,Brazil,2000-12-19,16.5,Harian,Poin
Policy Interest Rates,Brazil,2000-12-20,16.5,Harian,Poin
Policy Interest Rates,Brazil,2000-12-21,15.75,Harian,Poin
Policy Interest Rates,Brazil,2000-12-22,15.75,Harian,Poin
Policy Interest Rates,Brazil,2000-12-25,15.75,Harian,Poin
Policy Interest Rates,Brazil,2000-12-26,15.75,Harian,Poin
Policy Interest Rates,Brazil,2000-12-27,15.75,Harian,Poin
Policy Interest Rates,Brazil,2000-12-28,15.75,Harian,Poin
Policy Interest Rates,Brazil,2000-12-29,15.75,Harian,Poin
Policy Interest Rates,Brazil,2001-01-01,15.75,Harian,Poin
Policy Interest Rates,Brazil,2001-01-02,15.75,Harian,Poin
Policy Interest Rates,Brazil,2001-01-03,15.75,Harian,Poin
Policy Interest Rates,Brazil,2001-01-04,15.75,Harian,Poin
Policy Interest Rates,Brazil,2001-01-05,15.75,Harian,Poin
Policy Interest Rates,Brazil,2001-01-08,15.75,Harian,Poin
Policy Interest Rates,Brazil,2001-01-09,15.75,Harian,Poin
Policy Interest Rates,Brazil,2001-01-10,15.75,Harian,Poin
Policy Interest Rates,Brazil,2001-01-11,15.75,Harian,Poin
Policy Interest Rates,Brazil,2001-01-12,15.75,Harian,Poin
Policy Interest Rates,Brazil,2001-01-15,15.75,Harian,Poin
Policy Interest Rates,Brazil,2001-01-16,15.75,Harian,Poin
Policy Interest Rates,Brazil,2001-01-17,15.25,Harian,Poin
Policy Interest Rates,Brazil,2001-01-18,15.25,Harian,Poin
Policy Interest Rates,Brazil,2001-01-19,15.25,Harian,Poin
Policy Interest Rates,Brazil,2001-01-22,15.25,Harian,Poin
Policy Interest Rates,Brazil,2001-01-23,15.25,Harian,Poin
Policy Interest Rates,Brazil,2001-01-24,15.25,Harian,Poin
Policy Interest Rates,Brazil,2001-01-25,15.25,Harian,Poin
Policy Interest Rates,Brazil,2001-01-26,15.25,Harian,Poin
Policy Interest Rates,Brazil,2001-01-29,15.25,Harian,Poin
Policy Interest Rates,Brazil,2001-01-30,15.25,Harian,Poin
Policy Interest Rates,Brazil,2001-01-31,15.25,Harian,Poin
Policy Interest Rates,Brazil,2001-02-01,15.25,Harian,Poin
Policy Interest Rates,Brazil,2001-02-02,15.25,Harian,Poin
Policy Interest Rates,Brazil,2001-02-05,15.25,Harian,Poin
Policy Interest Rates,Brazil,2001-02-06,15.25,Harian,Poin
Policy Interest Rates,Brazil,2001-02-07,15.25,Harian,Poin
Policy Interest Rates,Brazil,2001-02-08,15.25,Harian,Poin
Policy Interest Rates,Brazil,2001-02-09,15.25,Harian,Poin
Policy Interest Rates,Brazil,2001-02-12,15.25,Harian,Poin
Policy Interest Rates,Brazil,2001-02-13,15.25,Harian,Poin
Policy Interest Rates,Brazil,2001-02-14,15.25,Harian,Poin
Policy Interest Rates,Brazil,2001-02-15,15.25,Harian,Poin
Policy Interest Rates,Brazil,2001-02-16,15.25,Harian,Poin
Policy Interest Rates,Brazil,2001-02-19,15.25,Harian,Poin
Policy Interest Rates,Brazil,2001-02-20,15.25,Harian,Poin
Policy Interest Rates,Brazil,2001-02-21,15.25,Harian,Poin
Policy Interest Rates,Brazil,2001-02-22,15.25,Harian,Poin
Policy Interest Rates,Brazil,2001-02-23,15.25,Harian,Poin
Policy Interest Rates,Brazil,2001-02-28,15.25,Harian,Poin
Policy Interest Rates,Brazil,2001-03-01,15.25,Harian,Poin
Policy Interest Rates,Brazil,2001-03-02,15.25,Harian,Poin
Policy Interest Rates,Brazil,2001-03-05,15.25,Harian,Poin
Policy Interest Rates,Brazil,2001-03-06,15.25,Harian,Poin
Policy Interest Rates,Brazil,2001-03-07,15.25,Harian,Poin
Policy Interest Rates,Brazil,2001-03-08,15.25,Harian,Poin
Policy Interest Rates,Brazil,2001-03-09,15.25,Harian,Poin
Policy Interest Rates,Brazil,2001-03-12,15.25,Harian,Poin
Policy Interest Rates,Brazil,2001-03-13,15.25,Harian,Poin
Policy Interest Rates,Brazil,2001-03-14,15.25,Harian,Poin
Policy Interest Rates,Brazil,2001-03-15,15.25,Harian,Poin
Policy Interest Rates,Brazil,2001-03-16,15.25,Harian,Poin
Policy Interest Rates,Brazil,2001-03-19,15.25,Harian,Poin
Policy Interest Rates,Brazil,2001-03-20,15.25,Harian,Poin
Policy Interest Rates,Brazil,2001-03-21,15.75,Harian,Poin
Policy Interest Rates,Brazil,2001-03-22,15.75,Harian,Poin
Policy Interest Rates,Brazil,2001-03-23,15.75,Harian,Poin
Policy Interest Rates,Brazil,2001-03-26,15.75,Harian,Poin
Policy Interest Rates,Brazil,2001-03-27,15.75,Harian,Poin
Policy Interest Rates,Brazil,2001-03-28,15.75,Harian,Poin
Policy Interest Rates,Brazil,2001-03-29,15.75,Harian,Poin
Policy Interest Rates,Brazil,2001-03-30,15.75,Harian,Poin
Policy Interest Rates,Brazil,2001-04-02,15.75,Harian,Poin
Policy Interest Rates,Brazil,2001-04-03,15.75,Harian,Poin
Policy Interest Rates,Brazil,2001-04-04,15.75,Harian,Poin
Policy Interest Rates,Brazil,2001-04-05,15.75,Harian,Poin
Policy Interest Rates,Brazil,2001-04-06,15.75,Harian,Poin
Policy Interest Rates,Brazil,2001-04-09,15.75,Harian,Poin
Policy Interest Rates,Brazil,2001-04-10,15.75,Harian,Poin
Policy Interest Rates,Brazil,2001-04-11,15.75,Harian,Poin
Policy Interest Rates,Brazil,2001-04-12,15.75,Harian,Poin
Policy Interest Rates,Brazil,2001-04-13,15.75,Harian,Poin
Policy Interest Rates,Brazil,2001-04-16,15.75,Harian,Poin
Policy Interest Rates,Brazil,2001-04-17,15.75,Harian,Poin
Policy Interest Rates,Brazil,2001-04-18,15.75,Harian,Poin
Policy Interest Rates,Brazil,2001-04-19,16.25,Harian,Poin
Policy Interest Rates,Brazil,2001-04-20,16.25,Harian,Poin
Policy Interest Rates,Brazil,2001-04-23,16.25,Harian,Poin
Policy Interest Rates,Brazil,2001-04-24,16.25,Harian,Poin
Policy Interest Rates,Brazil,2001-04-25,16.25,Harian,Poin
Policy Interest Rates,Brazil,2001-04-26,16.25,Harian,Poin
Policy Interest Rates,Brazil,2001-04-27,16.25,Harian,Poin
Policy Interest Rates,Brazil,2001-04-30,16.25,Harian,Poin
Policy Interest Rates,Brazil,2001-05-01,16.25,Harian,Poin
Policy Interest Rates,Brazil,2001-05-02,16.25,Harian,Poin
Policy Interest Rates,Brazil,2001-05-03,16.25,Harian,Poin
Policy Interest Rates,Brazil,2001-05-04,16.25,Harian,Poin
Policy Interest Rates,Brazil,2001-05-07,16.25,Harian,Poin
Policy Interest Rates,Brazil,2001-05-08,16.25,Harian,Poin
Policy Interest Rates,Brazil,2001-05-09,16.25,Harian,Poin
Policy Interest Rates,Brazil,2001-05-10,16.25,Harian,Poin
Policy Interest Rates,Brazil,2001-05-11,16.25,Harian,Poin
Policy Interest Rates,Brazil,2001-05-14,16.25,Harian,Poin
Policy Interest Rates,Brazil,2001-05-15,16.25,Harian,Poin
Policy Interest Rates,Brazil,2001-05-16,16.25,Harian,Poin
Policy Interest Rates,Brazil,2001-05-17,16.25,Harian,Poin
Policy Interest Rates,Brazil,2001-05-18,16.25,Harian,Poin
Policy Interest Rates,Brazil,2001-05-21,16.25,Harian,Poin
Policy Interest Rates,Brazil,2001-05-22,16.25,Harian,Poin
Policy Interest Rates,Brazil,2001-05-23,16.25,Harian,Poin
Policy Interest Rates,Brazil,2001-05-24,16.75,Harian,Poin
Policy Interest Rates,Brazil,2001-05-25,16.75,Harian,Poin
Policy Interest Rates,Brazil,2001-05-28,16.75,Harian,Poin
Policy Interest Rates,Brazil,2001-05-29,16.75,Harian,Poin
Policy Interest Rates,Brazil,2001-05-30,16.75,Harian,Poin
Policy Interest Rates,Brazil,2001-05-31,16.75,Harian,Poin
Policy Interest Rates,Brazil,2001-06-01,16.75,Harian,Poin
Policy Interest Rates,Brazil,2001-06-04,16.75,Harian,Poin
Policy Interest Rates,Brazil,2001-06-05,16.75,Harian,Poin
Policy Interest Rates,Brazil,2001-06-06,16.75,Harian,Poin
Policy Interest Rates,Brazil,2001-06-07,16.75,Harian,Poin
Policy Interest Rates,Brazil,2001-06-08,16.75,Harian,Poin
Policy Interest Rates,Brazil,2001-06-11,16.75,Harian,Poin
Policy Interest Rates,Brazil,2001-06-12,16.75,Harian,Poin
Policy Interest Rates,Brazil,2001-06-13,16.75,Harian,Poin
Policy Interest Rates,Brazil,2001-06-14,16.75,Harian,Poin
Policy Interest Rates,Brazil,2001-06-15,16.75,Harian,Poin
Policy Interest Rates,Brazil,2001-06-18,16.75,Harian,Poin
Policy Interest Rates,Brazil,2001-06-19,16.75,Harian,Poin
Policy Interest Rates,Brazil,2001-06-20,18.25,Harian,Poin
Policy Interest Rates,Brazil,2001-06-21,18.25,Harian,Poin
Policy Interest Rates,Brazil,2001-06-22,18.25,Harian,Poin
Policy Interest Rates,Brazil,2001-06-25,18.25,Harian,Poin
Policy Interest Rates,Brazil,2001-06-26,18.25,Harian,Poin
Policy Interest Rates,Brazil,2001-06-27,18.25,Harian,Poin
Policy Interest Rates,Brazil,2001-06-28,18.25,Harian,Poin
Policy Interest Rates,Brazil,2001-06-29,18.25,Harian,Poin
Policy Interest Rates,Brazil,2001-07-02,18.25,Harian,Poin
Policy Interest Rates,Brazil,2001-07-03,18.25,Harian,Poin
Policy Interest Rates,Brazil,2001-07-04,18.25,Harian,Poin
Policy Interest Rates,Brazil,2001-07-05,18.25,Harian,Poin
Policy Interest Rates,Brazil,2001-07-06,18.25,Harian,Poin
Policy Interest Rates,Brazil,2001-07-09,18.25,Harian,Poin
Policy Interest Rates,Brazil,2001-07-10,18.25,Harian,Poin
Policy Interest Rates,Brazil,2001-07-11,18.25,Harian,Poin
Policy Interest Rates,Brazil,2001-07-12,18.25,Harian,Poin
Policy Interest Rates,Brazil,2001-07-13,18.25,Harian,Poin
Policy Interest Rates,Brazil,2001-07-16,18.25,Harian,Poin
Policy Interest Rates,Brazil,2001-07-17,18.25,Harian,Poin
Policy Interest Rates,Brazil,2001-07-18,19,Harian,Poin
Policy Interest Rates,Brazil,2001-07-19,19,Harian,Poin
Policy Interest Rates,Brazil,2001-07-20,19,Harian,Poin
Policy Interest Rates,Brazil,2001-07-23,19,Harian,Poin
Policy Interest Rates,Brazil,2001-07-24,19,Harian,Poin
Policy Interest Rates,Brazil,2001-07-25,19,Harian,Poin
Policy Interest Rates,Brazil,2001-07-26,19,Harian,Poin
Policy Interest Rates,Brazil,2001-07-27,19,Harian,Poin
Policy Interest Rates,Brazil,2001-07-30,19,Harian,Poin
Policy Interest Rates,Brazil,2001-07-31,19,Harian,Poin
Policy Interest Rates,Brazil,2001-08-01,19,Harian,Poin
Policy Interest Rates,Brazil,2001-08-02,19,Harian,Poin
Policy Interest Rates,Brazil,2001-08-03,19,Harian,Poin
Policy Interest Rates,Brazil,2001-08-06,19,Harian,Poin
Policy Interest Rates,Brazil,2001-08-07,19,Harian,Poin
Policy Interest Rates,Brazil,2001-08-08,19,Harian,Poin
Policy Interest Rates,Brazil,2001-08-09,19,Harian,Poin
Policy Interest Rates,Brazil,2001-08-10,19,Harian,Poin
Policy Interest Rates,Brazil,2001-08-13,19,Harian,Poin
Policy Interest Rates,Brazil,2001-08-14,19,Harian,Poin
Policy Interest Rates,Brazil,2001-08-15,19,Harian,Poin
Policy Interest Rates,Brazil,2001-08-16,19,Harian,Poin
Policy Interest Rates,Brazil,2001-08-17,19,Harian,Poin
Policy Interest Rates,Brazil,2001-08-20,19,Harian,Poin
Policy Interest Rates,Brazil,2001-08-21,19,Harian,Poin
Policy Interest Rates,Brazil,2001-08-22,19,Harian,Poin
Policy Interest Rates,Brazil,2001-08-23,19,Harian,Poin
Policy Interest Rates,Brazil,2001-08-24,19,Harian,Poin
Policy Interest Rates,Brazil,2001-08-27,19,Harian,Poin
Policy Interest Rates,Brazil,2001-08-28,19,Harian,Poin
Policy Interest Rates,Brazil,2001-08-29,19,Harian,Poin
Policy Interest Rates,Brazil,2001-08-30,19,Harian,Poin
Policy Interest Rates,Brazil,2001-08-31,19,Harian,Poin
Policy Interest Rates,Brazil,2001-09-03,19,Harian,Poin
Policy Interest Rates,Brazil,2001-09-04,19,Harian,Poin
Policy Interest Rates,Brazil,2001-09-05,19,Harian,Poin
Policy Interest Rates,Brazil,2001-09-06,19,Harian,Poin
Policy Interest Rates,Brazil,2001-09-07,19,Harian,Poin
Policy Interest Rates,Brazil,2001-09-10,19,Harian,Poin
Policy Interest Rates,Brazil,2001-09-11,19,Harian,Poin
Policy Interest Rates,Brazil,2001-09-12,19,Harian,Poin
Policy Interest Rates,Brazil,2001-09-13,19,Harian,Poin
Policy Interest Rates,Brazil,2001-09-14,19,Harian,Poin
Policy Interest Rates,Brazil,2001-09-17,19,Harian,Poin
Policy Interest Rates,Brazil,2001-09-18,19,Harian,Poin
Policy Interest Rates,Brazil,2001-09-19,19,Harian,Poin
Policy Interest Rates,Brazil,2001-09-20,19,Harian,Poin
Policy Interest Rates,Brazil,2001-09-21,19,Harian,Poin
Policy Interest Rates,Brazil,2001-09-24,19,Harian,Poin
Policy Interest Rates,Brazil,2001-09-25,19,Harian,Poin
Policy Interest Rates,Brazil,2001-09-26,19,Harian,Poin
Policy Interest Rates,Brazil,2001-09-27,19,Harian,Poin
Policy Interest Rates,Brazil,2001-09-28,19,Harian,Poin
Policy Interest Rates,Brazil,2001-10-01,19,Harian,Poin
Policy Interest Rates,Brazil,2001-10-02,19,Harian,Poin
Policy Interest Rates,Brazil,2001-10-03,19,Harian,Poin
Policy Interest Rates,Brazil,2001-10-04,19,Harian,Poin
Policy Interest Rates,Brazil,2001-10-05,19,Harian,Poin
Policy Interest Rates,Brazil,2001-10-08,19,Harian,Poin
Policy Interest Rates,Brazil,2001-10-09,19,Harian,Poin
Policy Interest Rates,Brazil,2001-10-10,19,Harian,Poin
Policy Interest Rates,Brazil,2001-10-11,19,Harian,Poin
Policy Interest Rates,Brazil,2001-10-12,19,Harian,Poin
Policy Interest Rates,Brazil,2001-10-15,19,Harian,Poin
Policy Interest Rates,Brazil,2001-10-16,19,Harian,Poin
Policy Interest Rates,Brazil,2001-10-17,19,Harian,Poin
Policy Interest Rates,Brazil,2001-10-18,19,Harian,Poin
Policy Interest Rates,Brazil,2001-10-19,19,Harian,Poin
Policy Interest Rates,Brazil,2001-10-22,19,Harian,Poin
Policy Interest Rates,Brazil,2001-10-23,19,Harian,Poin
Policy Interest Rates,Brazil,2001-10-24,19,Harian,Poin
Policy Interest Rates,Brazil,2001-10-25,19,Harian,Poin
Policy Interest Rates,Brazil,2001-10-26,19,Harian,Poin
Policy Interest Rates,Brazil,2001-10-29,19,Harian,Poin
Policy Interest Rates,Brazil,2001-10-30,19,Harian,Poin
Policy Interest Rates,Brazil,2001-10-31,19,Harian,Poin
Policy Interest Rates,Brazil,2001-11-01,19,Harian,Poin
Policy Interest Rates,Brazil,2001-11-02,19,Harian,Poin
Policy Interest Rates,Brazil,2001-11-05,19,Harian,Poin
Policy Interest Rates,Brazil,2001-11-06,19,Harian,Poin
Policy Interest Rates,Brazil,2001-11-07,19,Harian,Poin
Policy Interest Rates,Brazil,2001-11-08,19,Harian,Poin
Policy Interest Rates,Brazil,2001-11-09,19,Harian,Poin
Policy Interest Rates,Brazil,2001-11-12,19,Harian,Poin
Policy Interest Rates,Brazil,2001-11-13,19,Harian,Poin
Policy Interest Rates,Brazil,2001-11-14,19,Harian,Poin
Policy Interest Rates,Brazil,2001-11-15,19,Harian,Poin
Policy Interest Rates,Brazil,2001-11-16,19,Harian,Poin
Policy Interest Rates,Brazil,2001-11-19,19,Harian,Poin
Policy Interest Rates,Brazil,2001-11-20,19,Harian,Poin
Policy Interest Rates,Brazil,2001-11-21,19,Harian,Poin
Policy Interest Rates,Brazil,2001-11-22,19,Harian,Poin
Policy Interest Rates,Brazil,2001-11-23,19,Harian,Poin
Policy Interest Rates,Brazil,2001-11-26,19,Harian,Poin
Policy Interest Rates,Brazil,2001-11-27,19,Harian,Poin
Policy Interest Rates,Brazil,2001-11-28,19,Harian,Poin
Policy Interest Rates,Brazil,2001-11-29,19,Harian,Poin
Policy Interest Rates,Brazil,2001-11-30,19,Harian,Poin
Policy Interest Rates,Brazil,2001-12-03,19,Harian,Poin
Policy Interest Rates,Brazil,2001-12-04,19,Harian,Poin
Policy Interest Rates,Brazil,2001-12-05,19,Harian,Poin
Policy Interest Rates,Brazil,2001-12-06,19,Harian,Poin
Policy Interest Rates,Brazil,2001-12-07,19,Harian,Poin
Policy Interest Rates,Brazil,2001-12-10,19,Harian,Poin
Policy Interest Rates,Brazil,2001-12-11,19,Harian,Poin
Policy Interest Rates,Brazil,2001-12-12,19,Harian,Poin
Policy Interest Rates,Brazil,2001-12-13,19,Harian,Poin
Policy Interest Rates,Brazil,2001-12-14,19,Harian,Poin
Policy Interest Rates,Brazil,2001-12-17,19,Harian,Poin
Policy Interest Rates,Brazil,2001-12-18,19,Harian,Poin
Policy Interest Rates,Brazil,2001-12-19,19,Harian,Poin
Policy Interest Rates,Brazil,2001-12-20,19,Harian,Poin
Policy Interest Rates,Brazil,2001-12-21,19,Harian,Poin
Policy Interest Rates,Brazil,2001-12-24,19,Harian,Poin
Policy Interest Rates,Brazil,2001-12-25,19,Harian,Poin
Policy Interest Rates,Brazil,2001-12-26,19,Harian,Poin
Policy Interest Rates,Brazil,2001-12-27,19,Harian,Poin
Policy Interest Rates,Brazil,2001-12-28,19,Harian,Poin
Policy Interest Rates,Brazil,2001-12-31,19,Harian,Poin
Policy Interest Rates,Brazil,2002-01-01,19,Harian,Poin
Policy Interest Rates,Brazil,2002-01-02,19,Harian,Poin
Policy Interest Rates,Brazil,2002-01-03,19,Harian,Poin
Policy Interest Rates,Brazil,2002-01-04,19,Harian,Poin
Policy Interest Rates,Brazil,2002-01-07,19,Harian,Poin
Policy Interest Rates,Brazil,2002-01-08,19,Harian,Poin
Policy Interest Rates,Brazil,2002-01-09,19,Harian,Poin
Policy Interest Rates,Brazil,2002-01-10,19,Harian,Poin
Policy Interest Rates,Brazil,2002-01-11,19,Harian,Poin
Policy Interest Rates,Brazil,2002-01-14,19,Harian,Poin
Policy Interest Rates,Brazil,2002-01-15,19,Harian,Poin
Policy Interest Rates,Brazil,2002-01-16,19,Harian,Poin
Policy Interest Rates,Brazil,2002-01-17,19,Harian,Poin
Policy Interest Rates,Brazil,2002-01-18,19,Harian,Poin
Policy Interest Rates,Brazil,2002-01-21,19,Harian,Poin
Policy Interest Rates,Brazil,2002-01-22,19,Harian,Poin
Policy Interest Rates,Brazil,2002-01-23,19,Harian,Poin
Policy Interest Rates,Brazil,2002-01-24,19,Harian,Poin
Policy Interest Rates,Brazil,2002-01-25,19,Harian,Poin
Policy Interest Rates,Brazil,2002-01-28,19,Harian,Poin
Policy Interest Rates,Brazil,2002-01-29,19,Harian,Poin
Policy Interest Rates,Brazil,2002-01-30,19,Harian,Poin
Policy Interest Rates,Brazil,2002-01-31,19,Harian,Poin
Policy Interest Rates,Brazil,2002-02-01,19,Harian,Poin
Policy Interest Rates,Brazil,2002-02-04,19,Harian,Poin
Policy Interest Rates,Brazil,2002-02-05,19,Harian,Poin
Policy Interest Rates,Brazil,2002-02-06,19,Harian,Poin
Policy Interest Rates,Brazil,2002-02-07,19,Harian,Poin
Policy Interest Rates,Brazil,2002-02-08,19,Harian,Poin
Policy Interest Rates,Brazil,2002-02-11,19,Harian,Poin
Policy Interest Rates,Brazil,2002-02-12,19,Harian,Poin
Policy Interest Rates,Brazil,2002-02-13,19,Harian,Poin
Policy Interest Rates,Brazil,2002-02-14,19,Harian,Poin
Policy Interest Rates,Brazil,2002-02-15,19,Harian,Poin
Policy Interest Rates,Brazil,2002-02-18,19,Harian,Poin
Policy Interest Rates,Brazil,2002-02-19,19,Harian,Poin
Policy Interest Rates,Brazil,2002-02-20,18.75,Harian,Poin
Policy Interest Rates,Brazil,2002-02-21,18.75,Harian,Poin
Policy Interest Rates,Brazil,2002-02-22,18.75,Harian,Poin
Policy Interest Rates,Brazil,2002-02-25,18.75,Harian,Poin
Policy Interest Rates,Brazil,2002-02-26,18.75,Harian,Poin
Policy Interest Rates,Brazil,2002-02-27,18.75,Harian,Poin
Policy Interest Rates,Brazil,2002-02-28,18.75,Harian,Poin
Policy Interest Rates,Brazil,2002-03-01,18.75,Harian,Poin
Policy Interest Rates,Brazil,2002-03-04,18.75,Harian,Poin
Policy Interest Rates,Brazil,2002-03-05,18.75,Harian,Poin
Policy Interest Rates,Brazil,2002-03-06,18.75,Harian,Poin
Policy Interest Rates,Brazil,2002-03-07,18.75,Harian,Poin
Policy Interest Rates,Brazil,2002-03-08,18.75,Harian,Poin
Policy Interest Rates,Brazil,2002-03-11,18.75,Harian,Poin
Policy Interest Rates,Brazil,2002-03-12,18.75,Harian,Poin
Policy Interest Rates,Brazil,2002-03-13,18.75,Harian,Poin
Policy Interest Rates,Brazil,2002-03-14,18.75,Harian,Poin
Policy Interest Rates,Brazil,2002-03-15,18.75,Harian,Poin
Policy Interest Rates,Brazil,2002-03-18,18.75,Harian,Poin
Policy Interest Rates,Brazil,2002-03-19,18.75,Harian,Poin
Policy Interest Rates,Brazil,2002-03-20,18.5,Harian,Poin
Policy Interest Rates,Brazil,2002-03-21,18.5,Harian,Poin
Policy Interest Rates,Brazil,2002-03-22,18.5,Harian,Poin
Policy Interest Rates,Brazil,2002-03-25,18.5,Harian,Poin
Policy Interest Rates,Brazil,2002-03-26,18.5,Harian,Poin
Policy Interest Rates,Brazil,2002-03-27,18.5,Harian,Poin
Policy Interest Rates,Brazil,2002-03-28,18.5,Harian,Poin
Policy Interest Rates,Brazil,2002-03-29,18.5,Harian,Poin
Policy Interest Rates,Brazil,2002-04-01,18.5,Harian,Poin
Policy Interest Rates,Brazil,2002-04-02,18.5,Harian,Poin
Policy Interest Rates,Brazil,2002-04-03,18.5,Harian,Poin
Policy Interest Rates,Brazil,2002-04-04,18.5,Harian,Poin
Policy Interest Rates,Brazil,2002-04-05,18.5,Harian,Poin
Policy Interest Rates,Brazil,2002-04-08,18.5,Harian,Poin
Policy Interest Rates,Brazil,2002-04-09,18.5,Harian,Poin
Policy Interest Rates,Brazil,2002-04-10,18.5,Harian,Poin
Policy Interest Rates,Brazil,2002-04-11,18.5,Harian,Poin
Policy Interest Rates,Brazil,2002-04-12,18.5,Harian,Poin
Policy Interest Rates,Brazil,2002-04-15,18.5,Harian,Poin
Policy Interest Rates,Brazil,2002-04-16,18.5,Harian,Poin
Policy Interest Rates,Brazil,2002-04-17,18.5,Harian,Poin
Policy Interest Rates,Brazil,2002-04-18,18.5,Harian,Poin
Policy Interest Rates,Brazil,2002-04-19,18.5,Harian,Poin
Policy Interest Rates,Brazil,2002-04-22,18.5,Harian,Poin
Policy Interest Rates,Brazil,2002-04-23,18.5,Harian,Poin
Policy Interest Rates,Brazil,2002-04-24,18.5,Harian,Poin
Policy Interest Rates,Brazil,2002-04-25,18.5,Harian,Poin
Policy Interest Rates,Brazil,2002-04-26,18.5,Harian,Poin
Policy Interest Rates,Brazil,2002-04-29,18.5,Harian,Poin
Policy Interest Rates,Brazil,2002-04-30,18.5,Harian,Poin
Policy Interest Rates,Brazil,2002-05-01,18.5,Harian,Poin
Policy Interest Rates,Brazil,2002-05-02,18.5,Harian,Poin
Policy Interest Rates,Brazil,2002-05-03,18.5,Harian,Poin
Policy Interest Rates,Brazil,2002-05-06,18.5,Harian,Poin
Policy Interest Rates,Brazil,2002-05-07,18.5,Harian,Poin
Policy Interest Rates,Brazil,2002-05-08,18.5,Harian,Poin
Policy Interest Rates,Brazil,2002-05-09,18.5,Harian,Poin
Policy Interest Rates,Brazil,2002-05-10,18.5,Harian,Poin
Policy Interest Rates,Brazil,2002-05-13,18.5,Harian,Poin
Policy Interest Rates,Brazil,2002-05-14,18.5,Harian,Poin
Policy Interest Rates,Brazil,2002-05-15,18.5,Harian,Poin
Policy Interest Rates,Brazil,2002-05-16,18.5,Harian,Poin
Policy Interest Rates,Brazil,2002-05-17,18.5,Harian,Poin
Policy Interest Rates,Brazil,2002-05-20,18.5,Harian,Poin
Policy Interest Rates,Brazil,2002-05-21,18.5,Harian,Poin
Policy Interest Rates,Brazil,2002-05-22,18.5,Harian,Poin
Policy Interest Rates,Brazil,2002-05-23,18.5,Harian,Poin
Policy Interest Rates,Brazil,2002-05-24,18.5,Harian,Poin
Policy Interest Rates,Brazil,2002-05-27,18.5,Harian,Poin
Policy Interest Rates,Brazil,2002-05-28,18.5,Harian,Poin
Policy Interest Rates,Brazil,2002-05-29,18.5,Harian,Poin
Policy Interest Rates,Brazil,2002-05-30,18.5,Harian,Poin
Policy Interest Rates,Brazil,2002-05-31,18.5,Harian,Poin
Policy Interest Rates,Brazil,2002-06-03,18.5,Harian,Poin
Policy Interest Rates,Brazil,2002-06-04,18.5,Harian,Poin
Policy Interest Rates,Brazil,2002-06-05,18.5,Harian,Poin
Policy Interest Rates,Brazil,2002-06-06,18.5,Harian,Poin
Policy Interest Rates,Brazil,2002-06-07,18.5,Harian,Poin
Policy Interest Rates,Brazil,2002-06-10,18.5,Harian,Poin
Policy Interest Rates,Brazil,2002-06-11,18.5,Harian,Poin
Policy Interest Rates,Brazil,2002-06-12,18.5,Harian,Poin
Policy Interest Rates,Brazil,2002-06-13,18.5,Harian,Poin
Policy Interest Rates,Brazil,2002-06-14,18.5,Harian,Poin
Policy Interest Rates,Brazil,2002-06-17,18.5,Harian,Poin
Policy Interest Rates,Brazil,2002-06-18,18.5,Harian,Poin
Policy Interest Rates,Brazil,2002-06-19,18.5,Harian,Poin
Policy Interest Rates,Brazil,2002-06-20,18.5,Harian,Poin
Policy Interest Rates,Brazil,2002-06-21,18.5,Harian,Poin
Policy Interest Rates,Brazil,2002-06-24,18.5,Harian,Poin
Policy Interest Rates,Brazil,2002-06-25,18.5,Harian,Poin
Policy Interest Rates,Brazil,2002-06-26,18.5,Harian,Poin
Policy Interest Rates,Brazil,2002-06-27,18.5,Harian,Poin
Policy Interest Rates,Brazil,2002-06-28,18.5,Harian,Poin
Policy Interest Rates,Brazil,2002-07-01,18.5,Harian,Poin
Policy Interest Rates,Brazil,2002-07-02,18.5,Harian,Poin
Policy Interest Rates,Brazil,2002-07-03,18.5,Harian,Poin
Policy Interest Rates,Brazil,2002-07-04,18.5,Harian,Poin
Policy Interest Rates,Brazil,2002-07-05,18.5,Harian,Poin
Policy Interest Rates,Brazil,2002-07-08,18.5,Harian,Poin
Policy Interest Rates,Brazil,2002-07-09,18.5,Harian,Poin
Policy Interest Rates,Brazil,2002-07-10,18.5,Harian,Poin
Policy Interest Rates,Brazil,2002-07-11,18.5,Harian,Poin
Policy Interest Rates,Brazil,2002-07-12,18.5,Harian,Poin
Policy Interest Rates,Brazil,2002-07-15,18.5,Harian,Poin
Policy Interest Rates,Brazil,2002-07-16,18.5,Harian,Poin
Policy Interest Rates,Brazil,2002-07-17,18,Harian,Poin
Policy Interest Rates,Brazil,2002-07-18,18,Harian,Poin
Policy Interest Rates,Brazil,2002-07-19,18,Harian,Poin
Policy Interest Rates,Brazil,2002-07-22,18,Harian,Poin
Policy Interest Rates,Brazil,2002-07-23,18,Harian,Poin
Policy Interest Rates,Brazil,2002-07-24,18,Harian,Poin
Policy Interest Rates,Brazil,2002-07-25,18,Harian,Poin
Policy Interest Rates,Brazil,2002-07-26,18,Harian,Poin
Policy Interest Rates,Brazil,2002-07-29,18,Harian,Poin
Policy Interest Rates,Brazil,2002-07-30,18,Harian,Poin
Policy Interest Rates,Brazil,2002-07-31,18,Harian,Poin
Policy Interest Rates,Brazil,2002-08-01,18,Harian,Poin
Policy Interest Rates,Brazil,2002-08-02,18,Harian,Poin
Policy Interest Rates,Brazil,2002-08-05,18,Harian,Poin
Policy Interest Rates,Brazil,2002-08-06,18,Harian,Poin
Policy Interest Rates,Brazil,2002-08-07,18,Harian,Poin
Policy Interest Rates,Brazil,2002-08-08,18,Harian,Poin
Policy Interest Rates,Brazil,2002-08-09,18,Harian,Poin
Policy Interest Rates,Brazil,2002-08-12,18,Harian,Poin
Policy Interest Rates,Brazil,2002-08-13,18,Harian,Poin
Policy Interest Rates,Brazil,2002-08-14,18,Harian,Poin
Policy Interest Rates,Brazil,2002-08-15,18,Harian,Poin
Policy Interest Rates,Brazil,2002-08-16,18,Harian,Poin
Policy Interest Rates,Brazil,2002-08-19,18,Harian,Poin
Policy Interest Rates,Brazil,2002-08-20,18,Harian,Poin
Policy Interest Rates,Brazil,2002-08-21,18,Harian,Poin
Policy Interest Rates,Brazil,2002-08-22,18,Harian,Poin
Policy Interest Rates,Brazil,2002-08-23,18,Harian,Poin
Policy Interest Rates,Brazil,2002-08-26,18,Harian,Poin
Policy Interest Rates,Brazil,2002-08-27,18,Harian,Poin
Policy Interest Rates,Brazil,2002-08-28,18,Harian,Poin
Policy Interest Rates,Brazil,2002-08-29,18,Harian,Poin
Policy Interest Rates,Brazil,2002-08-30,18,Harian,Poin
Policy Interest Rates,Brazil,2002-09-02,18,Harian,Poin
Policy Interest Rates,Brazil,2002-09-03,18,Harian,Poin
Policy Interest Rates,Brazil,2002-09-04,18,Harian,Poin
Policy Interest Rates,Brazil,2002-09-05,18,Harian,Poin
Policy Interest Rates,Brazil,2002-09-06,18,Harian,Poin
Policy Interest Rates,Brazil,2002-09-09,18,Harian,Poin
Policy Interest Rates,Brazil,2002-09-10,18,Harian,Poin
Policy Interest Rates,Brazil,2002-09-11,18,Harian,Poin
Policy Interest Rates,Brazil,2002-09-12,18,Harian,Poin
Policy Interest Rates,Brazil,2002-09-13,18,Harian,Poin
Policy Interest Rates,Brazil,2002-09-16,18,Harian,Poin
Policy Interest Rates,Brazil,2002-09-17,18,Harian,Poin
Policy Interest Rates,Brazil,2002-09-18,18,Harian,Poin
Policy Interest Rates,Brazil,2002-09-19,18,Harian,Poin
Policy Interest Rates,Brazil,2002-09-20,18,Harian,Poin
Policy Interest Rates,Brazil,2002-09-23,18,Harian,Poin
Policy Interest Rates,Brazil,2002-09-24,18,Harian,Poin
Policy Interest Rates,Brazil,2002-09-25,18,Harian,Poin
Policy Interest Rates,Brazil,2002-09-26,18,Harian,Poin
Policy Interest Rates,Brazil,2002-09-27,18,Harian,Poin
Policy Interest Rates,Brazil,2002-09-30,18,Harian,Poin
Policy Interest Rates,Brazil,2002-10-01,18,Harian,Poin
Policy Interest Rates,Brazil,2002-10-02,18,Harian,Poin
Policy Interest Rates,Brazil,2002-10-03,18,Harian,Poin
Policy Interest Rates,Brazil,2002-10-04,18,Harian,Poin
Policy Interest Rates,Brazil,2002-10-07,18,Harian,Poin
Policy Interest Rates,Brazil,2002-10-08,18,Harian,Poin
Policy Interest Rates,Brazil,2002-10-09,18,Harian,Poin
Policy Interest Rates,Brazil,2002-10-10,18,Harian,Poin
Policy Interest Rates,Brazil,2002-10-11,18,Harian,Poin
Policy Interest Rates,Brazil,2002-10-14,21,Harian,Poin
Policy Interest Rates,Brazil,2002-10-15,21,Harian,Poin
Policy Interest Rates,Brazil,2002-10-16,21,Harian,Poin
Policy Interest Rates,Brazil,2002-10-17,21,Harian,Poin
Policy Interest Rates,Brazil,2002-10-18,21,Harian,Poin
Policy Interest Rates,Brazil,2002-10-21,21,Harian,Poin
Policy Interest Rates,Brazil,2002-10-22,21,Harian,Poin
Policy Interest Rates,Brazil,2002-10-23,21,Harian,Poin
Policy Interest Rates,Brazil,2002-10-24,21,Harian,Poin
Policy Interest Rates,Brazil,2002-10-25,21,Harian,Poin
Policy Interest Rates,Brazil,2002-10-28,21,Harian,Poin
Policy Interest Rates,Brazil,2002-10-29,21,Harian,Poin
Policy Interest Rates,Brazil,2002-10-30,21,Harian,Poin
Policy Interest Rates,Brazil,2002-10-31,21,Harian,Poin
Policy Interest Rates,Brazil,2002-11-01,21,Harian,Poin
Policy Interest Rates,Brazil,2002-11-04,21,Harian,Poin
Policy Interest Rates,Brazil,2002-11-05,21,Harian,Poin
Policy Interest Rates,Brazil,2002-11-06,21,Harian,Poin
Policy Interest Rates,Brazil,2002-11-07,21,Harian,Poin
Policy Interest Rates,Brazil,2002-11-08,21,Harian,Poin
Policy Interest Rates,Brazil,2002-11-11,21,Harian,Poin
Policy Interest Rates,Brazil,2002-11-12,21,Harian,Poin
Policy Interest Rates,Brazil,2002-11-13,21,Harian,Poin
Policy Interest Rates,Brazil,2002-11-14,21,Harian,Poin
Policy Interest Rates,Brazil,2002-11-15,21,Harian,Poin
Policy Interest Rates,Brazil,2002-11-18,21,Harian,Poin
Policy Interest Rates,Brazil,2002-11-19,21,Harian,Poin
Policy Interest Rates,Brazil,2002-11-20,22,Harian,Poin
Policy Interest Rates,Brazil,2002-11-21,22,Harian,Poin
Policy Interest Rates,Brazil,2002-11-22,22,Harian,Poin
Policy Interest Rates,Brazil,2002-11-25,22,Harian,Poin
Policy Interest Rates,Brazil,2002-11-26,22,Harian,Poin
Policy Interest Rates,Brazil,2002-11-27,22,Harian,Poin
Policy Interest Rates,Brazil,2002-11-28,22,Harian,Poin
Policy Interest Rates,Brazil,2002-11-29,22,Harian,Poin
Policy Interest Rates,Brazil,2002-12-02,22,Harian,Poin
Policy Interest Rates,Brazil,2002-12-03,22,Harian,Poin
Policy Interest Rates,Brazil,2002-12-04,22,Harian,Poin
Policy Interest Rates,Brazil,2002-12-05,22,Harian,Poin
Policy Interest Rates,Brazil,2002-12-06,22,Harian,Poin
Policy Interest Rates,Brazil,2002-12-09,22,Harian,Poin
Policy Interest Rates,Brazil,2002-12-10,22,Harian,Poin
Policy Interest Rates,Brazil,2002-12-11,22,Harian,Poin
Policy Interest Rates,Brazil,2002-12-12,22,Harian,Poin
Policy Interest Rates,Brazil,2002-12-13,22,Harian,Poin
Policy Interest Rates,Brazil,2002-12-16,22,Harian,Poin
Policy Interest Rates,Brazil,2002-12-17,25,Harian,Poin
Policy Interest Rates,Brazil,2002-12-18,25,Harian,Poin
Policy Interest Rates,Brazil,2002-12-19,25,Harian,Poin
Policy Interest Rates,Brazil,2002-12-20,25,Harian,Poin
Policy Interest Rates,Brazil,2002-12-23,25,Harian,Poin
Policy Interest Rates,Brazil,2002-12-24,25,Harian,Poin
Policy Interest Rates,Brazil,2002-12-25,25,Harian,Poin
Policy Interest Rates,Brazil,2002-12-26,25,Harian,Poin
Policy Interest Rates,Brazil,2002-12-27,25,Harian,Poin
Policy Interest Rates,Brazil,2002-12-30,25,Harian,Poin
Policy Interest Rates,Brazil,2002-12-31,25,Harian,Poin
Policy Interest Rates,Brazil,2003-01-01,25,Harian,Poin
Policy Interest Rates,Brazil,2003-01-02,25,Harian,Poin
Policy Interest Rates,Brazil,2003-01-03,25,Harian,Poin
Policy Interest Rates,Brazil,2003-01-06,25,Harian,Poin
Policy Interest Rates,Brazil,2003-01-07,25,Harian,Poin
Policy Interest Rates,Brazil,2003-01-08,25,Harian,Poin
Policy Interest Rates,Brazil,2003-01-09,25,Harian,Poin
Policy Interest Rates,Brazil,2003-01-10,25,Harian,Poin
Policy Interest Rates,Brazil,2003-01-13,25,Harian,Poin
Policy Interest Rates,Brazil,2003-01-14,25,Harian,Poin
Policy Interest Rates,Brazil,2003-01-15,25,Harian,Poin
Policy Interest Rates,Brazil,2003-01-16,25,Harian,Poin
Policy Interest Rates,Brazil,2003-01-17,25,Harian,Poin
Policy Interest Rates,Brazil,2003-01-20,25,Harian,Poin
Policy Interest Rates,Brazil,2003-01-21,25.5,Harian,Poin
Policy Interest Rates,Brazil,2003-01-22,25.5,Harian,Poin
Policy Interest Rates,Brazil,2003-01-23,25.5,Harian,Poin
Policy Interest Rates,Brazil,2003-01-24,25.5,Harian,Poin
Policy Interest Rates,Brazil,2003-01-27,25.5,Harian,Poin
Policy Interest Rates,Brazil,2003-01-28,25.5,Harian,Poin
Policy Interest Rates,Brazil,2003-01-29,25.5,Harian,Poin
Policy Interest Rates,Brazil,2003-01-30,25.5,Harian,Poin
Policy Interest Rates,Brazil,2003-01-31,25.5,Harian,Poin
Policy Interest Rates,Brazil,2003-02-03,25.5,Harian,Poin
Policy Interest Rates,Brazil,2003-02-04,25.5,Harian,Poin
Policy Interest Rates,Brazil,2003-02-05,25.5,Harian,Poin
Policy Interest Rates,Brazil,2003-02-06,25.5,Harian,Poin
Policy Interest Rates,Brazil,2003-02-07,25.5,Harian,Poin
Policy Interest Rates,Brazil,2003-02-10,25.5,Harian,Poin
Policy Interest Rates,Brazil,2003-02-11,25.5,Harian,Poin
Policy Interest Rates,Brazil,2003-02-12,25.5,Harian,Poin
Policy Interest Rates,Brazil,2003-02-13,25.5,Harian,Poin
Policy Interest Rates,Brazil,2003-02-14,25.5,Harian,Poin
Policy Interest Rates,Brazil,2003-02-17,25.5,Harian,Poin
Policy Interest Rates,Brazil,2003-02-18,26.5,Harian,Poin
Policy Interest Rates,Brazil,2003-02-19,26.5,Harian,Poin
Policy Interest Rates,Brazil,2003-02-20,26.5,Harian,Poin
Policy Interest Rates,Brazil,2003-02-21,26.5,Harian,Poin
Policy Interest Rates,Brazil,2003-02-24,26.5,Harian,Poin
Policy Interest Rates,Brazil,2003-02-25,26.5,Harian,Poin
Policy Interest Rates,Brazil,2003-02-26,26.5,Harian,Poin
Policy Interest Rates,Brazil,2003-02-27,26.5,Harian,Poin
Policy Interest Rates,Brazil,2003-02-28,26.5,Harian,Poin
Policy Interest Rates,Brazil,2003-03-03,26.5,Harian,Poin
Policy Interest Rates,Brazil,2003-03-04,26.5,Harian,Poin
Policy Interest Rates,Brazil,2003-03-05,26.5,Harian,Poin
Policy Interest Rates,Brazil,2003-03-06,26.5,Harian,Poin
Policy Interest Rates,Brazil,2003-03-07,26.5,Harian,Poin
Policy Interest Rates,Brazil,2003-03-10,26.5,Harian,Poin
Policy Interest Rates,Brazil,2003-03-11,26.5,Harian,Poin
Policy Interest Rates,Brazil,2003-03-12,26.5,Harian,Poin
Policy Interest Rates,Brazil,2003-03-13,26.5,Harian,Poin
Policy Interest Rates,Brazil,2003-03-14,26.5,Harian,Poin
Policy Interest Rates,Brazil,2003-03-17,26.5,Harian,Poin
Policy Interest Rates,Brazil,2003-03-18,26.5,Harian,Poin
Policy Interest Rates,Brazil,2003-03-19,26.5,Harian,Poin
Policy Interest Rates,Brazil,2003-03-20,26.5,Harian,Poin
Policy Interest Rates,Brazil,2003-03-21,26.5,Harian,Poin
Policy Interest Rates,Brazil,2003-03-24,26.5,Harian,Poin
Policy Interest Rates,Brazil,2003-03-25,26.5,Harian,Poin
Policy Interest Rates,Brazil,2003-03-26,26.5,Harian,Poin
Policy Interest Rates,Brazil,2003-03-27,26.5,Harian,Poin
Policy Interest Rates,Brazil,2003-03-28,26.5,Harian,Poin
Policy Interest Rates,Brazil,2003-03-31,26.5,Harian,Poin
Policy Interest Rates,Brazil,2003-04-01,26.5,Harian,Poin
Policy Interest Rates,Brazil,2003-04-02,26.5,Harian,Poin
Policy Interest Rates,Brazil,2003-04-03,26.5,Harian,Poin
Policy Interest Rates,Brazil,2003-04-04,26.5,Harian,Poin
Policy Interest Rates,Brazil,2003-04-07,26.5,Harian,Poin
Policy Interest Rates,Brazil,2003-04-08,26.5,Harian,Poin
Policy Interest Rates,Brazil,2003-04-09,26.5,Harian,Poin
Policy Interest Rates,Brazil,2003-04-10,26.5,Harian,Poin
Policy Interest Rates,Brazil,2003-04-11,26.5,Harian,Poin
Policy Interest Rates,Brazil,2003-04-14,26.5,Harian,Poin
Policy Interest Rates,Brazil,2003-04-15,26.5,Harian,Poin
Policy Interest Rates,Brazil,2003-04-16,26.5,Harian,Poin
Policy Interest Rates,Brazil,2003-04-17,26.5,Harian,Poin
Policy Interest Rates,Brazil,2003-04-18,26.5,Harian,Poin
Policy Interest Rates,Brazil,2003-04-21,26.5,Harian,Poin
Policy Interest Rates,Brazil,2003-04-22,26.5,Harian,Poin
Policy Interest Rates,Brazil,2003-04-23,26.5,Harian,Poin
Policy Interest Rates,Brazil,2003-04-24,26.5,Harian,Poin
Policy Interest Rates,Brazil,2003-04-25,26.5,Harian,Poin
Policy Interest Rates,Brazil,2003-04-28,26.5,Harian,Poin
Policy Interest Rates,Brazil,2003-04-29,26.5,Harian,Poin
Policy Interest Rates,Brazil,2003-04-30,26.5,Harian,Poin
Policy Interest Rates,Brazil,2003-05-01,26.5,Harian,Poin
Policy Interest Rates,Brazil,2003-05-02,26.5,Harian,Poin
Policy Interest Rates,Brazil,2003-05-05,26.5,Harian,Poin
Policy Interest Rates,Brazil,2003-05-06,26.5,Harian,Poin
Policy Interest Rates,Brazil,2003-05-07,26.5,Harian,Poin
Policy Interest Rates,Brazil,2003-05-08,26.5,Harian,Poin
Policy Interest Rates,Brazil,2003-05-09,26.5,Harian,Poin
Policy Interest Rates,Brazil,2003-05-12,26.5,Harian,Poin
Policy Interest Rates,Brazil,2003-05-13,26.5,Harian,Poin
Policy Interest Rates,Brazil,2003-05-14,26.5,Harian,Poin
Policy Interest Rates,Brazil,2003-05-15,26.5,Harian,Poin
Policy Interest Rates,Brazil,2003-05-16,26.5,Harian,Poin
Policy Interest Rates,Brazil,2003-05-19,26.5,Harian,Poin
Policy Interest Rates,Brazil,2003-05-20,26.5,Harian,Poin
Policy Interest Rates,Brazil,2003-05-21,26.5,Harian,Poin
Policy Interest Rates,Brazil,2003-05-22,26.5,Harian,Poin
Policy Interest Rates,Brazil,2003-05-23,26.5,Harian,Poin
Policy Interest Rates,Brazil,2003-05-26,26.5,Harian,Poin
Policy Interest Rates,Brazil,2003-05-27,26.5,Harian,Poin
Policy Interest Rates,Brazil,2003-05-28,26.5,Harian,Poin
Policy Interest Rates,Brazil,2003-05-29,26.5,Harian,Poin
Policy Interest Rates,Brazil,2003-05-30,26.5,Harian,Poin
Policy Interest Rates,Brazil,2003-06-02,26.5,Harian,Poin
Policy Interest Rates,Brazil,2003-06-03,26.5,Harian,Poin
Policy Interest Rates,Brazil,2003-06-04,26.5,Harian,Poin
Policy Interest Rates,Brazil,2003-06-05,26.5,Harian,Poin
Policy Interest Rates,Brazil,2003-06-06,26.5,Harian,Poin
Policy Interest Rates,Brazil,2003-06-09,26.5,Harian,Poin
Policy Interest Rates,Brazil,2003-06-10,26.5,Harian,Poin
Policy Interest Rates,Brazil,2003-06-11,26.5,Harian,Poin
Policy Interest Rates,Brazil,2003-06-12,26.5,Harian,Poin
Policy Interest Rates,Brazil,2003-06-13,26.5,Harian,Poin
Policy Interest Rates,Brazil,2003-06-16,26.5,Harian,Poin
Policy Interest Rates,Brazil,2003-06-17,26.5,Harian,Poin
Policy Interest Rates,Brazil,2003-06-18,26,Harian,Poin
Policy Interest Rates,Brazil,2003-06-20,26,Harian,Poin
Policy Interest Rates,Brazil,2003-06-23,26,Harian,Poin
Policy Interest Rates,Brazil,2003-06-24,26,Harian,Poin
Policy Interest Rates,Brazil,2003-06-25,26,Harian,Poin
Policy Interest Rates,Brazil,2003-06-26,26,Harian,Poin
Policy Interest Rates,Brazil,2003-06-27,26,Harian,Poin
Policy Interest Rates,Brazil,2003-06-30,26,Harian,Poin
Policy Interest Rates,Brazil,2003-07-01,26,Harian,Poin
Policy Interest Rates,Brazil,2003-07-02,26,Harian,Poin
Policy Interest Rates,Brazil,2003-07-03,26,Harian,Poin
Policy Interest Rates,Brazil,2003-07-04,26,Harian,Poin
Policy Interest Rates,Brazil,2003-07-07,26,Harian,Poin
Policy Interest Rates,Brazil,2003-07-08,26,Harian,Poin
Policy Interest Rates,Brazil,2003-07-09,26,Harian,Poin
Policy Interest Rates,Brazil,2003-07-10,26,Harian,Poin
Policy Interest Rates,Brazil,2003-07-11,26,Harian,Poin
Policy Interest Rates,Brazil,2003-07-14,26,Harian,Poin
Policy Interest Rates,Brazil,2003-07-15,26,Harian,Poin
Policy Interest Rates,Brazil,2003-07-16,26,Harian,Poin
Policy Interest Rates,Brazil,2003-07-17,26,Harian,Poin
Policy Interest Rates,Brazil,2003-07-18,26,Harian,Poin
Policy Interest Rates,Brazil,2003-07-21,26,Harian,Poin
Policy Interest Rates,Brazil,2003-07-22,26,Harian,Poin
Policy Interest Rates,Brazil,2003-07-23,24.5,Harian,Poin
Policy Interest Rates,Brazil,2003-07-24,24.5,Harian,Poin
Policy Interest Rates,Brazil,2003-07-25,24.5,Harian,Poin
Policy Interest Rates,Brazil,2003-07-28,24.5,Harian,Poin
Policy Interest Rates,Brazil,2003-07-29,24.5,Harian,Poin
Policy Interest Rates,Brazil,2003-07-30,24.5,Harian,Poin
Policy Interest Rates,Brazil,2003-07-31,24.5,Harian,Poin
Policy Interest Rates,Brazil,2003-08-01,24.5,Harian,Poin
Policy Interest Rates,Brazil,2003-08-04,24.5,Harian,Poin
Policy Interest Rates,Brazil,2003-08-05,24.5,Harian,Poin
Policy Interest Rates,Brazil,2003-08-06,24.5,Harian,Poin
Policy Interest Rates,Brazil,2003-08-07,24.5,Harian,Poin
Policy Interest Rates,Brazil,2003-08-08,24.5,Harian,Poin
Policy Interest Rates,Brazil,2003-08-11,24.5,Harian,Poin
Policy Interest Rates,Brazil,2003-08-12,24.5,Harian,Poin
Policy Interest Rates,Brazil,2003-08-13,24.5,Harian,Poin
Policy Interest Rates,Brazil,2003-08-14,24.5,Harian,Poin
Policy Interest Rates,Brazil,2003-08-15,24.5,Harian,Poin
Policy Interest Rates,Brazil,2003-08-18,24.5,Harian,Poin
Policy Interest Rates,Brazil,2003-08-19,24.5,Harian,Poin
Policy Interest Rates,Brazil,2003-08-20,22,Harian,Poin
Policy Interest Rates,Brazil,2003-08-21,22,Harian,Poin
Policy Interest Rates,Brazil,2003-08-22,22,Harian,Poin
Policy Interest Rates,Brazil,2003-08-25,22,Harian,Poin
Policy Interest Rates,Brazil,2003-08-26,22,Harian,Poin
Policy Interest Rates,Brazil,2003-08-27,22,Harian,Poin
Policy Interest Rates,Brazil,2003-08-28,22,Harian,Poin
Policy Interest Rates,Brazil,2003-08-29,22,Harian,Poin
Policy Interest Rates,Brazil,2003-09-01,22,Harian,Poin
Policy Interest Rates,Brazil,2003-09-02,22,Harian,Poin
Policy Interest Rates,Brazil,2003-09-03,22,Harian,Poin
Policy Interest Rates,Brazil,2003-09-04,22,Harian,Poin
Policy Interest Rates,Brazil,2003-09-05,22,Harian,Poin
Policy Interest Rates,Brazil,2003-09-08,22,Harian,Poin
Policy Interest Rates,Brazil,2003-09-09,22,Harian,Poin
Policy Interest Rates,Brazil,2003-09-10,22,Harian,Poin
Policy Interest Rates,Brazil,2003-09-11,22,Harian,Poin
Policy Interest Rates,Brazil,2003-09-12,22,Harian,Poin
Policy Interest Rates,Brazil,2003-09-15,22,Harian,Poin
Policy Interest Rates,Brazil,2003-09-16,22,Harian,Poin
Policy Interest Rates,Brazil,2003-09-17,22,Harian,Poin
Policy Interest Rates,Brazil,2003-09-18,20,Harian,Poin
Policy Interest Rates,Brazil,2003-09-19,20,Harian,Poin
Policy Interest Rates,Brazil,2003-09-22,20,Harian,Poin
Policy Interest Rates,Brazil,2003-09-23,20,Harian,Poin
Policy Interest Rates,Brazil,2003-09-24,20,Harian,Poin
Policy Interest Rates,Brazil,2003-09-25,20,Harian,Poin
Policy Interest Rates,Brazil,2003-09-26,20,Harian,Poin
Policy Interest Rates,Brazil,2003-09-29,20,Harian,Poin
Policy Interest Rates,Brazil,2003-09-30,20,Harian,Poin
Policy Interest Rates,Brazil,2003-10-01,20,Harian,Poin
Policy Interest Rates,Brazil,2003-10-02,20,Harian,Poin
Policy Interest Rates,Brazil,2003-10-03,20,Harian,Poin
Policy Interest Rates,Brazil,2003-10-06,20,Harian,Poin
Policy Interest Rates,Brazil,2003-10-07,20,Harian,Poin
Policy Interest Rates,Brazil,2003-10-08,20,Harian,Poin
Policy Interest Rates,Brazil,2003-10-09,20,Harian,Poin
Policy Interest Rates,Brazil,2003-10-10,20,Harian,Poin
Policy Interest Rates,Brazil,2003-10-13,20,Harian,Poin
Policy Interest Rates,Brazil,2003-10-14,20,Harian,Poin
Policy Interest Rates,Brazil,2003-10-15,20,Harian,Poin
Policy Interest Rates,Brazil,2003-10-16,20,Harian,Poin
Policy Interest Rates,Brazil,2003-10-17,20,Harian,Poin
Policy Interest Rates,Brazil,2003-10-20,20,Harian,Poin
Policy Interest Rates,Brazil,2003-10-21,20,Harian,Poin
Policy Interest Rates,Brazil,2003-10-22,20,Harian,Poin
Policy Interest Rates,Brazil,2003-10-23,19,Harian,Poin
Policy Interest Rates,Brazil,2003-10-24,19,Harian,Poin
Policy Interest Rates,Brazil,2003-10-27,19,Harian,Poin
Policy Interest Rates,Brazil,2003-10-28,19,Harian,Poin
Policy Interest Rates,Brazil,2003-10-29,19,Harian,Poin
Policy Interest Rates,Brazil,2003-10-30,19,Harian,Poin
Policy Interest Rates,Brazil,2003-10-31,19,Harian,Poin
Policy Interest Rates,Brazil,2003-11-03,19,Harian,Poin
Policy Interest Rates,Brazil,2003-11-04,19,Harian,Poin
Policy Interest Rates,Brazil,2003-11-05,19,Harian,Poin
Policy Interest Rates,Brazil,2003-11-06,19,Harian,Poin
Policy Interest Rates,Brazil,2003-11-07,19,Harian,Poin
Policy Interest Rates,Brazil,2003-11-10,19,Harian,Poin
Policy Interest Rates,Brazil,2003-11-11,19,Harian,Poin
Policy Interest Rates,Brazil,2003-11-12,19,Harian,Poin
Policy Interest Rates,Brazil,2003-11-13,19,Harian,Poin
Policy Interest Rates,Brazil,2003-11-14,19,Harian,Poin
Policy Interest Rates,Brazil,2003-11-17,19,Harian,Poin
Policy Interest Rates,Brazil,2003-11-18,19,Harian,Poin
Policy Interest Rates,Brazil,2003-11-19,19,Harian,Poin
Policy Interest Rates,Brazil,2003-11-20,17.5,Harian,Poin
Policy Interest Rates,Brazil,2003-11-21,17.5,Harian,Poin
Policy Interest Rates,Brazil,2003-11-24,17.5,Harian,Poin
Policy Interest Rates,Brazil,2003-11-25,17.5,Harian,Poin
Policy Interest Rates,Brazil,2003-11-26,17.5,Harian,Poin
Policy Interest Rates,Brazil,2003-11-27,17.5,Harian,Poin
Policy Interest Rates,Brazil,2003-11-28,17.5,Harian,Poin
Policy Interest Rates,Brazil,2003-12-01,17.5,Harian,Poin
Policy Interest Rates,Brazil,2003-12-02,17.5,Harian,Poin
Policy Interest Rates,Brazil,2003-12-03,17.5,Harian,Poin
Policy Interest Rates,Brazil,2003-12-04,17.5,Harian,Poin
Policy Interest Rates,Brazil,2003-12-05,17.5,Harian,Poin
Policy Interest Rates,Brazil,2003-12-08,17.5,Harian,Poin
Policy Interest Rates,Brazil,2003-12-09,17.5,Harian,Poin
Policy Interest Rates,Brazil,2003-12-10,17.5,Harian,Poin
Policy Interest Rates,Brazil,2003-12-11,17.5,Harian,Poin
Policy Interest Rates,Brazil,2003-12-12,17.5,Harian,Poin
Policy Interest Rates,Brazil,2003-12-15,17.5,Harian,Poin
Policy Interest Rates,Brazil,2003-12-16,17.5,Harian,Poin
Policy Interest Rates,Brazil,2003-12-17,17.5,Harian,Poin
Policy Interest Rates,Brazil,2003-12-18,16.5,Harian,Poin
Policy Interest Rates,Brazil,2003-12-19,16.5,Harian,Poin
Policy Interest Rates,Brazil,2003-12-22,16.5,Harian,Poin
Policy Interest Rates,Brazil,2003-12-23,16.5,Harian,Poin
Policy Interest Rates,Brazil,2003-12-24,16.5,Harian,Poin
Policy Interest Rates,Brazil,2003-12-26,16.5,Harian,Poin
Policy Interest Rates,Brazil,2003-12-29,16.5,Harian,Poin
Policy Interest Rates,Brazil,2003-12-30,16.5,Harian,Poin
Policy Interest Rates,Brazil,2003-12-31,16.5,Harian,Poin
Policy Interest Rates,Brazil,2004-01-02,16.5,Harian,Poin
Policy Interest Rates,Brazil,2004-01-05,16.5,Harian,Poin
Policy Interest Rates,Brazil,2004-01-06,16.5,Harian,Poin
Policy Interest Rates,Brazil,2004-01-07,16.5,Harian,Poin
Policy Interest Rates,Brazil,2004-01-08,16.5,Harian,Poin
Policy Interest Rates,Brazil,2004-01-09,16.5,Harian,Poin
Policy Interest Rates,Brazil,2004-01-12,16.5,Harian,Poin
Policy Interest Rates,Brazil,2004-01-13,16.5,Harian,Poin
Policy Interest Rates,Brazil,2004-01-14,16.5,Harian,Poin
Policy Interest Rates,Brazil,2004-01-15,16.5,Harian,Poin
Policy Interest Rates,Brazil,2004-01-16,16.5,Harian,Poin
Policy Interest Rates,Brazil,2004-01-19,16.5,Harian,Poin
Policy Interest Rates,Brazil,2004-01-20,16.5,Harian,Poin
Policy Interest Rates,Brazil,2004-01-21,16.5,Harian,Poin
Policy Interest Rates,Brazil,2004-01-22,16.5,Harian,Poin
Policy Interest Rates,Brazil,2004-01-23,16.5,Harian,Poin
Policy Interest Rates,Brazil,2004-01-26,16.5,Harian,Poin
Policy Interest Rates,Brazil,2004-01-27,16.5,Harian,Poin
Policy Interest Rates,Brazil,2004-01-28,16.5,Harian,Poin
Policy Interest Rates,Brazil,2004-01-29,16.5,Harian,Poin
Policy Interest Rates,Brazil,2004-01-30,16.5,Harian,Poin
Policy Interest Rates,Brazil,2004-02-02,16.5,Harian,Poin
Policy Interest Rates,Brazil,2004-02-03,16.5,Harian,Poin
Policy Interest Rates,Brazil,2004-02-04,16.5,Harian,Poin
Policy Interest Rates,Brazil,2004-02-05,16.5,Harian,Poin
Policy Interest Rates,Brazil,2004-02-06,16.5,Harian,Poin
Policy Interest Rates,Brazil,2004-02-09,16.5,Harian,Poin
Policy Interest Rates,Brazil,2004-02-10,16.5,Harian,Poin
Policy Interest Rates,Brazil,2004-02-11,16.5,Harian,Poin
Policy Interest Rates,Brazil,2004-02-12,16.5,Harian,Poin
Policy Interest Rates,Brazil,2004-02-13,16.5,Harian,Poin
Policy Interest Rates,Brazil,2004-02-16,16.5,Harian,Poin
Policy Interest Rates,Brazil,2004-02-17,16.5,Harian,Poin
Policy Interest Rates,Brazil,2004-02-18,16.5,Harian,Poin
Policy Interest Rates,Brazil,2004-02-19,16.5,Harian,Poin
Policy Interest Rates,Brazil,2004-02-20,16.5,Harian,Poin
Policy Interest Rates,Brazil,2004-02-25,16.5,Harian,Poin
Policy Interest Rates,Brazil,2004-02-26,16.5,Harian,Poin
Policy Interest Rates,Brazil,2004-02-27,16.5,Harian,Poin
Policy Interest Rates,Brazil,2004-03-01,16.5,Harian,Poin
Policy Interest Rates,Brazil,2004-03-02,16.5,Harian,Poin
Policy Interest Rates,Brazil,2004-03-03,16.5,Harian,Poin
Policy Interest Rates,Brazil,2004-03-04,16.5,Harian,Poin
Policy Interest Rates,Brazil,2004-03-05,16.5,Harian,Poin
Policy Interest Rates,Brazil,2004-03-08,16.5,Harian,Poin
Policy Interest Rates,Brazil,2004-03-09,16.5,Harian,Poin
Policy Interest Rates,Brazil,2004-03-10,16.5,Harian,Poin
Policy Interest Rates,Brazil,2004-03-11,16.5,Harian,Poin
Policy Interest Rates,Brazil,2004-03-12,16.5,Harian,Poin
Policy Interest Rates,Brazil,2004-03-15,16.5,Harian,Poin
Policy Interest Rates,Brazil,2004-03-16,16.5,Harian,Poin
Policy Interest Rates,Brazil,2004-03-17,16.5,Harian,Poin
Policy Interest Rates,Brazil,2004-03-18,16.25,Harian,Poin
Policy Interest Rates,Brazil,2004-03-19,16.25,Harian,Poin
Policy Interest Rates,Brazil,2004-03-22,16.25,Harian,Poin
Policy Interest Rates,Brazil,2004-03-23,16.25,Harian,Poin
Policy Interest Rates,Brazil,2004-03-24,16.25,Harian,Poin
Policy Interest Rates,Brazil,2004-03-25,16.25,Harian,Poin
Policy Interest Rates,Brazil,2004-03-26,16.25,Harian,Poin
Policy Interest Rates,Brazil,2004-03-29,16.25,Harian,Poin
Policy Interest Rates,Brazil,2004-03-30,16.25,Harian,Poin
Policy Interest Rates,Brazil,2004-03-31,16.25,Harian,Poin
Policy Interest Rates,Brazil,2004-04-01,16.25,Harian,Poin
Policy Interest Rates,Brazil,2004-04-02,16.25,Harian,Poin
Policy Interest Rates,Brazil,2004-04-05,16.25,Harian,Poin
Policy Interest Rates,Brazil,2004-04-06,16.25,Harian,Poin
Policy Interest Rates,Brazil,2004-04-07,16.25,Harian,Poin
Policy Interest Rates,Brazil,2004-04-08,16.25,Harian,Poin
Policy Interest Rates,Brazil,2004-04-12,16.25,Harian,Poin
Policy Interest Rates,Brazil,2004-04-13,16.25,Harian,Poin
Policy Interest Rates,Brazil,2004-04-14,16.25,Harian,Poin
Policy Interest Rates,Brazil,2004-04-15,16,Harian,Poin
Policy Interest Rates,Brazil,2004-04-16,16,Harian,Poin
Policy Interest Rates,Brazil,2004-04-19,16,Harian,Poin
Policy Interest Rates,Brazil,2004-04-20,16,Harian,Poin
Policy Interest Rates,Brazil,2004-04-22,16,Harian,Poin
Policy Interest Rates,Brazil,2004-04-23,16,Harian,Poin
Policy Interest Rates,Brazil,2004-04-26,16,Harian,Poin
Policy Interest Rates,Brazil,2004-04-27,16,Harian,Poin
Policy Interest Rates,Brazil,2004-04-28,16,Harian,Poin
Policy Interest Rates,Brazil,2004-04-29,16,Harian,Poin
Policy Interest Rates,Brazil,2004-04-30,16,Harian,Poin
Policy Interest Rates,Brazil,2004-05-03,16,Harian,Poin
Policy Interest Rates,Brazil,2004-05-04,16,Harian,Poin
Policy Interest Rates,Brazil,2004-05-05,16,Harian,Poin
Policy Interest Rates,Brazil,2004-05-06,16,Harian,Poin
Policy Interest Rates,Brazil,2004-05-07,16,Harian,Poin
Policy Interest Rates,Brazil,2004-05-10,16,Harian,Poin
Policy Interest Rates,Brazil,2004-05-11,16,Harian,Poin
Policy Interest Rates,Brazil,2004-05-12,16,Harian,Poin
Policy Interest Rates,Brazil,2004-05-13,16,Harian,Poin
Policy Interest Rates,Brazil,2004-05-14,16,Harian,Poin
Policy Interest Rates,Brazil,2004-05-17,16,Harian,Poin
Policy Interest Rates,Brazil,2004-05-18,16,Harian,Poin
Policy Interest Rates,Brazil,2004-05-19,16,Harian,Poin
Policy Interest Rates,Brazil,2004-05-20,16,Harian,Poin
Policy Interest Rates,Brazil,2004-05-21,16,Harian,Poin
Policy Interest Rates,Brazil,2004-05-24,16,Harian,Poin
Policy Interest Rates,Brazil,2004-05-25,16,Harian,Poin
Policy Interest Rates,Brazil,2004-05-26,16,Harian,Poin
Policy Interest Rates,Brazil,2004-05-27,16,Harian,Poin
Policy Interest Rates,Brazil,2004-05-28,16,Harian,Poin
Policy Interest Rates,Brazil,2004-05-31,16,Harian,Poin
Policy Interest Rates,Brazil,2004-06-01,16,Harian,Poin
Policy Interest Rates,Brazil,2004-06-02,16,Harian,Poin
Policy Interest Rates,Brazil,2004-06-03,16,Harian,Poin
Policy Interest Rates,Brazil,2004-06-04,16,Harian,Poin
Policy Interest Rates,Brazil,2004-06-07,16,Harian,Poin
Policy Interest Rates,Brazil,2004-06-08,16,Harian,Poin
Policy Interest Rates,Brazil,2004-06-09,16,Harian,Poin
Policy Interest Rates,Brazil,2004-06-11,16,Harian,Poin
Policy Interest Rates,Brazil,2004-06-14,16,Harian,Poin
Policy Interest Rates,Brazil,2004-06-15,16,Harian,Poin
Policy Interest Rates,Brazil,2004-06-16,16,Harian,Poin
Policy Interest Rates,Brazil,2004-06-17,16,Harian,Poin
Policy Interest Rates,Brazil,2004-06-18,16,Harian,Poin
Policy Interest Rates,Brazil,2004-06-21,16,Harian,Poin
Policy Interest Rates,Brazil,2004-06-22,16,Harian,Poin
Policy Interest Rates,Brazil,2004-06-23,16,Harian,Poin
Policy Interest Rates,Brazil,2004-06-24,16,Harian,Poin
Policy Interest Rates,Brazil,2004-06-25,16,Harian,Poin
Policy Interest Rates,Brazil,2004-06-28,16,Harian,Poin
Policy Interest Rates,Brazil,2004-06-29,16,Harian,Poin
Policy Interest Rates,Brazil,2004-06-30,16,Harian,Poin
Policy Interest Rates,Brazil,2004-07-01,16,Harian,Poin
Policy Interest Rates,Brazil,2004-07-02,16,Harian,Poin
Policy Interest Rates,Brazil,2004-07-05,16,Harian,Poin
Policy Interest Rates,Brazil,2004-07-06,16,Harian,Poin
Policy Interest Rates,Brazil,2004-07-07,16,Harian,Poin
Policy Interest Rates,Brazil,2004-07-08,16,Harian,Poin
Policy Interest Rates,Brazil,2004-07-09,16,Harian,Poin
Policy Interest Rates,Brazil,2004-07-12,16,Harian,Poin
Policy Interest Rates,Brazil,2004-07-13,16,Harian,Poin
Policy Interest Rates,Brazil,2004-07-14,16,Harian,Poin
Policy Interest Rates,Brazil,2004-07-15,16,Harian,Poin
Policy Interest Rates,Brazil,2004-07-16,16,Harian,Poin
Policy Interest Rates,Brazil,2004-07-19,16,Harian,Poin
Policy Interest Rates,Brazil,2004-07-20,16,Harian,Poin
Policy Interest Rates,Brazil,2004-07-21,16,Harian,Poin
Policy Interest Rates,Brazil,2004-07-22,16,Harian,Poin
Policy Interest Rates,Brazil,2004-07-23,16,Harian,Poin
Policy Interest Rates,Brazil,2004-07-26,16,Harian,Poin
Policy Interest Rates,Brazil,2004-07-27,16,Harian,Poin
Policy Interest Rates,Brazil,2004-07-28,16,Harian,Poin
Policy Interest Rates,Brazil,2004-07-29,16,Harian,Poin
Policy Interest Rates,Brazil,2004-07-30,16,Harian,Poin
Policy Interest Rates,Brazil,2004-08-02,16,Harian,Poin
Policy Interest Rates,Brazil,2004-08-03,16,Harian,Poin
Policy Interest Rates,Brazil,2004-08-04,16,Harian,Poin
Policy Interest Rates,Brazil,2004-08-05,16,Harian,Poin
Policy Interest Rates,Brazil,2004-08-06,16,Harian,Poin
Policy Interest Rates,Brazil,2004-08-09,16,Harian,Poin
Policy Interest Rates,Brazil,2004-08-10,16,Harian,Poin
Policy Interest Rates,Brazil,2004-08-11,16,Harian,Poin
Policy Interest Rates,Brazil,2004-08-12,16,Harian,Poin
Policy Interest Rates,Brazil,2004-08-13,16,Harian,Poin
Policy Interest Rates,Brazil,2004-08-16,16,Harian,Poin
Policy Interest Rates,Brazil,2004-08-17,16,Harian,Poin
Policy Interest Rates,Brazil,2004-08-18,16,Harian,Poin
Policy Interest Rates,Brazil,2004-08-19,16,Harian,Poin
Policy Interest Rates,Brazil,2004-08-20,16,Harian,Poin
Policy Interest Rates,Brazil,2004-08-23,16,Harian,Poin
Policy Interest Rates,Brazil,2004-08-24,16,Harian,Poin
Policy Interest Rates,Brazil,2004-08-25,16,Harian,Poin
Policy Interest Rates,Brazil,2004-08-26,16,Harian,Poin
Policy Interest Rates,Brazil,2004-08-27,16,Harian,Poin
Policy Interest Rates,Brazil,2004-08-30,16,Harian,Poin
Policy Interest Rates,Brazil,2004-08-31,16,Harian,Poin
Policy Interest Rates,Brazil,2004-09-01,16,Harian,Poin
Policy Interest Rates,Brazil,2004-09-02,16,Harian,Poin
Policy Interest Rates,Brazil,2004-09-03,16,Harian,Poin
Policy Interest Rates,Brazil,2004-09-06,16,Harian,Poin
Policy Interest Rates,Brazil,2004-09-08,16,Harian,Poin
Policy Interest Rates,Brazil,2004-09-09,16,Harian,Poin
Policy Interest Rates,Brazil,2004-09-10,16,Harian,Poin
Policy Interest Rates,Brazil,2004-09-13,16,Harian,Poin
Policy Interest Rates,Brazil,2004-09-14,16,Harian,Poin
Policy Interest Rates,Brazil,2004-09-15,16,Harian,Poin
Policy Interest Rates,Brazil,2004-09-16,16.25,Harian,Poin
Policy Interest Rates,Brazil,2004-09-17,16.25,Harian,Poin
Policy Interest Rates,Brazil,2004-09-20,16.25,Harian,Poin
Policy Interest Rates,Brazil,2004-09-21,16.25,Harian,Poin
Policy Interest Rates,Brazil,2004-09-22,16.25,Harian,Poin
Policy Interest Rates,Brazil,2004-09-23,16.25,Harian,Poin
Policy Interest Rates,Brazil,2004-09-24,16.25,Harian,Poin
Policy Interest Rates,Brazil,2004-09-27,16.25,Harian,Poin
Policy Interest Rates,Brazil,2004-09-28,16.25,Harian,Poin
Policy Interest Rates,Brazil,2004-09-29,16.25,Harian,Poin
Policy Interest Rates,Brazil,2004-09-30,16.25,Harian,Poin
Policy Interest Rates,Brazil,2004-10-01,16.25,Harian,Poin
Policy Interest Rates,Brazil,2004-10-04,16.25,Harian,Poin
Policy Interest Rates,Brazil,2004-10-05,16.25,Harian,Poin
Policy Interest Rates,Brazil,2004-10-06,16.25,Harian,Poin
Policy Interest Rates,Brazil,2004-10-07,16.25,Harian,Poin
Policy Interest Rates,Brazil,2004-10-08,16.25,Harian,Poin
Policy Interest Rates,Brazil,2004-10-11,16.25,Harian,Poin
Policy Interest Rates,Brazil,2004-10-13,16.25,Harian,Poin
Policy Interest Rates,Brazil,2004-10-14,16.25,Harian,Poin
Policy Interest Rates,Brazil,2004-10-15,16.25,Harian,Poin
Policy Interest Rates,Brazil,2004-10-18,16.25,Harian,Poin
Policy Interest Rates,Brazil,2004-10-19,16.25,Harian,Poin
Policy Interest Rates,Brazil,2004-10-20,16.25,Harian,Poin
Policy Interest Rates,Brazil,2004-10-21,16.75,Harian,Poin
Policy Interest Rates,Brazil,2004-10-22,16.75,Harian,Poin
Policy Interest Rates,Brazil,2004-10-25,16.75,Harian,Poin
Policy Interest Rates,Brazil,2004-10-26,16.75,Harian,Poin
Policy Interest Rates,Brazil,2004-10-27,16.75,Harian,Poin
Policy Interest Rates,Brazil,2004-10-28,16.75,Harian,Poin
Policy Interest Rates,Brazil,2004-10-29,16.75,Harian,Poin
Policy Interest Rates,Brazil,2004-11-01,16.75,Harian,Poin
Policy Interest Rates,Brazil,2004-11-03,16.75,Harian,Poin
Policy Interest Rates,Brazil,2004-11-04,16.75,Harian,Poin
Policy Interest Rates,Brazil,2004-11-05,16.75,Harian,Poin
Policy Interest Rates,Brazil,2004-11-08,16.75,Harian,Poin
Policy Interest Rates,Brazil,2004-11-09,16.75,Harian,Poin
Policy Interest Rates,Brazil,2004-11-10,16.75,Harian,Poin
Policy Interest Rates,Brazil,2004-11-11,16.75,Harian,Poin
Policy Interest Rates,Brazil,2004-11-12,16.75,Harian,Poin
Policy Interest Rates,Brazil,2004-11-16,16.75,Harian,Poin
Policy Interest Rates,Brazil,2004-11-17,16.75,Harian,Poin
Policy Interest Rates,Brazil,2004-11-18,17.25,Harian,Poin
Policy Interest Rates,Brazil,2004-11-19,17.25,Harian,Poin
Policy Interest Rates,Brazil,2004-11-22,17.25,Harian,Poin
Policy Interest Rates,Brazil,2004-11-23,17.25,Harian,Poin
Policy Interest Rates,Brazil,2004-11-24,17.25,Harian,Poin
Policy Interest Rates,Brazil,2004-11-25,17.25,Harian,Poin
Policy Interest Rates,Brazil,2004-11-26,17.25,Harian,Poin
Policy Interest Rates,Brazil,2004-11-29,17.25,Harian,Poin
Policy Interest Rates,Brazil,2004-11-30,17.25,Harian,Poin
Policy Interest Rates,Brazil,2004-12-01,17.25,Harian,Poin
Policy Interest Rates,Brazil,2004-12-02,17.25,Harian,Poin
Policy Interest Rates,Brazil,2004-12-03,17.25,Harian,Poin
Policy Interest Rates,Brazil,2004-12-06,17.25,Harian,Poin
Policy Interest Rates,Brazil,2004-12-07,17.25,Harian,Poin
Policy Interest Rates,Brazil,2004-12-08,17.25,Harian,Poin
Policy Interest Rates,Brazil,2004-12-09,17.25,Harian,Poin
Policy Interest Rates,Brazil,2004-12-10,17.25,Harian,Poin
Policy Interest Rates,Brazil,2004-12-13,17.25,Harian,Poin
Policy Interest Rates,Brazil,2004-12-14,17.25,Harian,Poin
Policy Interest Rates,Brazil,2004-12-15,17.75,Harian,Poin
Policy Interest Rates,Brazil,2004-12-16,17.75,Harian,Poin
Policy Interest Rates,Brazil,2004-12-17,17.75,Harian,Poin
Policy Interest Rates,Brazil,2004-12-20,17.75,Harian,Poin
Policy Interest Rates,Brazil,2004-12-21,17.75,Harian,Poin
Policy Interest Rates,Brazil,2004-12-22,17.75,Harian,Poin
Policy Interest Rates,Brazil,2004-12-23,17.75,Harian,Poin
Policy Interest Rates,Brazil,2004-12-24,17.75,Harian,Poin
Policy Interest Rates,Brazil,2004-12-27,17.75,Harian,Poin
Policy Interest Rates,Brazil,2004-12-28,17.75,Harian,Poin
Policy Interest Rates,Brazil,2004-12-29,17.75,Harian,Poin
Policy Interest Rates,Brazil,2004-12-30,17.75,Harian,Poin
Policy Interest Rates,Brazil,2004-12-31,17.75,Harian,Poin
Policy Interest Rates,Brazil,2005-01-03,17.75,Harian,Poin
Policy Interest Rates,Brazil,2005-01-04,17.75,Harian,Poin
Policy Interest Rates,Brazil,2005-01-05,17.75,Harian,Poin
Policy Interest Rates,Brazil,2005-01-06,17.75,Harian,Poin
Policy Interest Rates,Brazil,2005-01-07,17.75,Harian,Poin
Policy Interest Rates,Brazil,2005-01-10,17.75,Harian,Poin
Policy Interest Rates,Brazil,2005-01-11,17.75,Harian,Poin
Policy Interest Rates,Brazil,2005-01-12,17.75,Harian,Poin
Policy Interest Rates,Brazil,2005-01-13,17.75,Harian,Poin
Policy Interest Rates,Brazil,2005-01-14,17.75,Harian,Poin
Policy Interest Rates,Brazil,2005-01-17,17.75,Harian,Poin
Policy Interest Rates,Brazil,2005-01-18,17.75,Harian,Poin
Policy Interest Rates,Brazil,2005-01-19,17.75,Harian,Poin
Policy Interest Rates,Brazil,2005-01-20,18.25,Harian,Poin
Policy Interest Rates,Brazil,2005-01-21,18.25,Harian,Poin
Policy Interest Rates,Brazil,2005-01-24,18.25,Harian,Poin
Policy Interest Rates,Brazil,2005-01-25,18.25,Harian,Poin
Policy Interest Rates,Brazil,2005-01-26,18.25,Harian,Poin
Policy Interest Rates,Brazil,2005-01-27,18.25,Harian,Poin
Policy Interest Rates,Brazil,2005-01-28,18.25,Harian,Poin
Policy Interest Rates,Brazil,2005-01-31,18.25,Harian,Poin
Policy Interest Rates,Brazil,2005-02-01,18.25,Harian,Poin
Policy Interest Rates,Brazil,2005-02-02,18.25,Harian,Poin
Policy Interest Rates,Brazil,2005-02-03,18.25,Harian,Poin
Policy Interest Rates,Brazil,2005-02-04,18.25,Harian,Poin
Policy Interest Rates,Brazil,2005-02-09,18.25,Harian,Poin
Policy Interest Rates,Brazil,2005-02-10,18.25,Harian,Poin
Policy Interest Rates,Brazil,2005-02-11,18.25,Harian,Poin
Policy Interest Rates,Brazil,2005-02-14,18.25,Harian,Poin
Policy Interest Rates,Brazil,2005-02-15,18.25,Harian,Poin
Policy Interest Rates,Brazil,2005-02-16,18.25,Harian,Poin
Policy Interest Rates,Brazil,2005-02-17,18.75,Harian,Poin
Policy Interest Rates,Brazil,2005-02-18,18.75,Harian,Poin
Policy Interest Rates,Brazil,2005-02-21,18.75,Harian,Poin
Policy Interest Rates,Brazil,2005-02-22,18.75,Harian,Poin
Policy Interest Rates,Brazil,2005-02-23,18.75,Harian,Poin
Policy Interest Rates,Brazil,2005-02-24,18.75,Harian,Poin
Policy Interest Rates,Brazil,2005-02-25,18.75,Harian,Poin
Policy Interest Rates,Brazil,2005-02-28,18.75,Harian,Poin
Policy Interest Rates,Brazil,2005-03-01,18.75,Harian,Poin
Policy Interest Rates,Brazil,2005-03-02,18.75,Harian,Poin
Policy Interest Rates,Brazil,2005-03-03,18.75,Harian,Poin
Policy Interest Rates,Brazil,2005-03-04,18.75,Harian,Poin
Policy Interest Rates,Brazil,2005-03-07,18.75,Harian,Poin
Policy Interest Rates,Brazil,2005-03-08,18.75,Harian,Poin
Policy Interest Rates,Brazil,2005-03-09,18.75,Harian,Poin
Policy Interest Rates,Brazil,2005-03-10,18.75,Harian,Poin
Policy Interest Rates,Brazil,2005-03-11,18.75,Harian,Poin
Policy Interest Rates,Brazil,2005-03-14,18.75,Harian,Poin
Policy Interest Rates,Brazil,2005-03-15,18.75,Harian,Poin
Policy Interest Rates,Brazil,2005-03-16,18.75,Harian,Poin
Policy Interest Rates,Brazil,2005-03-17,19.25,Harian,Poin
Policy Interest Rates,Brazil,2005-03-18,19.25,Harian,Poin
Policy Interest Rates,Brazil,2005-03-21,19.25,Harian,Poin
Policy Interest Rates,Brazil,2005-03-22,19.25,Harian,Poin
Policy Interest Rates,Brazil,2005-03-23,19.25,Harian,Poin
Policy Interest Rates,Brazil,2005-03-24,19.25,Harian,Poin
Policy Interest Rates,Brazil,2005-03-28,19.25,Harian,Poin
Policy Interest Rates,Brazil,2005-03-29,19.25,Harian,Poin
Policy Interest Rates,Brazil,2005-03-30,19.25,Harian,Poin
Policy Interest Rates,Brazil,2005-03-31,19.25,Harian,Poin
Policy Interest Rates,Brazil,2005-04-01,19.25,Harian,Poin
Policy Interest Rates,Brazil,2005-04-04,19.25,Harian,Poin
Policy Interest Rates,Brazil,2005-04-05,19.25,Harian,Poin
Policy Interest Rates,Brazil,2005-04-06,19.25,Harian,Poin
Policy Interest Rates,Brazil,2005-04-07,19.25,Harian,Poin
Policy Interest Rates,Brazil,2005-04-08,19.25,Harian,Poin
Policy Interest Rates,Brazil,2005-04-11,19.25,Harian,Poin
Policy Interest Rates,Brazil,2005-04-12,19.25,Harian,Poin
Policy Interest Rates,Brazil,2005-04-13,19.25,Harian,Poin
Policy Interest Rates,Brazil,2005-04-14,19.25,Harian,Poin
Policy Interest Rates,Brazil,2005-04-15,19.25,Harian,Poin
Policy Interest Rates,Brazil,2005-04-18,19.25,Harian,Poin
Policy Interest Rates,Brazil,2005-04-19,19.25,Harian,Poin
Policy Interest Rates,Brazil,2005-04-20,19.5,Harian,Poin
Policy Interest Rates,Brazil,2005-04-22,19.5,Harian,Poin
Policy Interest Rates,Brazil,2005-04-25,19.5,Harian,Poin
Policy Interest Rates,Brazil,2005-04-26,19.5,Harian,Poin
Policy Interest Rates,Brazil,2005-04-27,19.5,Harian,Poin
Policy Interest Rates,Brazil,2005-04-28,19.5,Harian,Poin
Policy Interest Rates,Brazil,2005-04-29,19.5,Harian,Poin
Policy Interest Rates,Brazil,2005-05-02,19.5,Harian,Poin
Policy Interest Rates,Brazil,2005-05-03,19.5,Harian,Poin
Policy Interest Rates,Brazil,2005-05-04,19.5,Harian,Poin
Policy Interest Rates,Brazil,2005-05-05,19.5,Harian,Poin
Policy Interest Rates,Brazil,2005-05-06,19.5,Harian,Poin
Policy Interest Rates,Brazil,2005-05-09,19.5,Harian,Poin
Policy Interest Rates,Brazil,2005-05-10,19.5,Harian,Poin
Policy Interest Rates,Brazil,2005-05-11,19.5,Harian,Poin
Policy Interest Rates,Brazil,2005-05-12,19.5,Harian,Poin
Policy Interest Rates,Brazil,2005-05-13,19.5,Harian,Poin
Policy Interest Rates,Brazil,2005-05-16,19.5,Harian,Poin
Policy Interest Rates,Brazil,2005-05-17,19.5,Harian,Poin
Policy Interest Rates,Brazil,2005-05-18,19.5,Harian,Poin
Policy Interest Rates,Brazil,2005-05-19,19.75,Harian,Poin
Policy Interest Rates,Brazil,2005-05-20,19.75,Harian,Poin
Policy Interest Rates,Brazil,2005-05-23,19.75,Harian,Poin
Policy Interest Rates,Brazil,2005-05-24,19.75,Harian,Poin
Policy Interest Rates,Brazil,2005-05-25,19.75,Harian,Poin
Policy Interest Rates,Brazil,2005-05-27,19.75,Harian,Poin
Policy Interest Rates,Brazil,2005-05-30,19.75,Harian,Poin
Policy Interest Rates,Brazil,2005-05-31,19.75,Harian,Poin
Policy Interest Rates,Brazil,2005-06-01,19.75,Harian,Poin
Policy Interest Rates,Brazil,2005-06-02,19.75,Harian,Poin
Policy Interest Rates,Brazil,2005-06-03,19.75,Harian,Poin
Policy Interest Rates,Brazil,2005-06-06,19.75,Harian,Poin
Policy Interest Rates,Brazil,2005-06-07,19.75,Harian,Poin
Policy Interest Rates,Brazil,2005-06-08,19.75,Harian,Poin
Policy Interest Rates,Brazil,2005-06-09,19.75,Harian,Poin
Policy Interest Rates,Brazil,2005-06-10,19.75,Harian,Poin
Policy Interest Rates,Brazil,2005-06-13,19.75,Harian,Poin
Policy Interest Rates,Brazil,2005-06-14,19.75,Harian,Poin
Policy Interest Rates,Brazil,2005-06-15,19.75,Harian,Poin
Policy Interest Rates,Brazil,2005-06-16,19.75,Harian,Poin
Policy Interest Rates,Brazil,2005-06-17,19.75,Harian,Poin
Policy Interest Rates,Brazil,2005-06-20,19.75,Harian,Poin
Policy Interest Rates,Brazil,2005-06-21,19.75,Harian,Poin
Policy Interest Rates,Brazil,2005-06-22,19.75,Harian,Poin
Policy Interest Rates,Brazil,2005-06-23,19.75,Harian,Poin
Policy Interest Rates,Brazil,2005-06-24,19.75,Harian,Poin
Policy Interest Rates,Brazil,2005-06-27,19.75,Harian,Poin
Policy Interest Rates,Brazil,2005-06-28,19.75,Harian,Poin
Policy Interest Rates,Brazil,2005-06-29,19.75,Harian,Poin
Policy Interest Rates,Brazil,2005-06-30,19.75,Harian,Poin
Policy Interest Rates,Brazil,2005-07-01,19.75,Harian,Poin
Policy Interest Rates,Brazil,2005-07-04,19.75,Harian,Poin
Policy Interest Rates,Brazil,2005-07-05,19.75,Harian,Poin
Policy Interest Rates,Brazil,2005-07-06,19.75,Harian,Poin
Policy Interest Rates,Brazil,2005-07-07,19.75,Harian,Poin
Policy Interest Rates,Brazil,2005-07-08,19.75,Harian,Poin
Policy Interest Rates,Brazil,2005-07-11,19.75,Harian,Poin
Policy Interest Rates,Brazil,2005-07-12,19.75,Harian,Poin
Policy Interest Rates,Brazil,2005-07-13,19.75,Harian,Poin
Policy Interest Rates,Brazil,2005-07-14,19.75,Harian,Poin
Policy Interest Rates,Brazil,2005-07-15,19.75,Harian,Poin
Policy Interest Rates,Brazil,2005-07-18,19.75,Harian,Poin
Policy Interest Rates,Brazil,2005-07-19,19.75,Harian,Poin
Policy Interest Rates,Brazil,2005-07-20,19.75,Harian,Poin
Policy Interest Rates,Brazil,2005-07-21,19.75,Harian,Poin
Policy Interest Rates,Brazil,2005-07-22,19.75,Harian,Poin
Policy Interest Rates,Brazil,2005-07-25,19.75,Harian,Poin
Policy Interest Rates,Brazil,2005-07-26,19.75,Harian,Poin
Policy Interest Rates,Brazil,2005-07-27,19.75,Harian,Poin
Policy Interest Rates,Brazil,2005-07-28,19.75,Harian,Poin
Policy Interest Rates,Brazil,2005-07-29,19.75,Harian,Poin
Policy Interest Rates,Brazil,2005-08-01,19.75,Harian,Poin
Policy Interest Rates,Brazil,2005-08-02,19.75,Harian,Poin
Policy Interest Rates,Brazil,2005-08-03,19.75,Harian,Poin
Policy Interest Rates,Brazil,2005-08-04,19.75,Harian,Poin
Policy Interest Rates,Brazil,2005-08-05,19.75,Harian,Poin
Policy Interest Rates,Brazil,2005-08-08,19.75,Harian,Poin
Policy Interest Rates,Brazil,2005-08-09,19.75,Harian,Poin
Policy Interest Rates,Brazil,2005-08-10,19.75,Harian,Poin
Policy Interest Rates,Brazil,2005-08-11,19.75,Harian,Poin
Policy Interest Rates,Brazil,2005-08-12,19.75,Harian,Poin
Policy Interest Rates,Brazil,2005-08-15,19.75,Harian,Poin
Policy Interest Rates,Brazil,2005-08-16,19.75,Harian,Poin
Policy Interest Rates,Brazil,2005-08-17,19.75,Harian,Poin
Policy Interest Rates,Brazil,2005-08-18,19.75,Harian,Poin
Policy Interest Rates,Brazil,2005-08-19,19.75,Harian,Poin
Policy Interest Rates,Brazil,2005-08-22,19.75,Harian,Poin
Policy Interest Rates,Brazil,2005-08-23,19.75,Harian,Poin
Policy Interest Rates,Brazil,2005-08-24,19.75,Harian,Poin
Policy Interest Rates,Brazil,2005-08-25,19.75,Harian,Poin
Policy Interest Rates,Brazil,2005-08-26,19.75,Harian,Poin
Policy Interest Rates,Brazil,2005-08-29,19.75,Harian,Poin
Policy Interest Rates,Brazil,2005-08-30,19.75,Harian,Poin
Policy Interest Rates,Brazil,2005-08-31,19.75,Harian,Poin
Policy Interest Rates,Brazil,2005-09-01,19.75,Harian,Poin
Policy Interest Rates,Brazil,2005-09-02,19.75,Harian,Poin
Policy Interest Rates,Brazil,2005-09-05,19.75,Harian,Poin
Policy Interest Rates,Brazil,2005-09-06,19.75,Harian,Poin
Policy Interest Rates,Brazil,2005-09-08,19.75,Harian,Poin
Policy Interest Rates,Brazil,2005-09-09,19.75,Harian,Poin
Policy Interest Rates,Brazil,2005-09-12,19.75,Harian,Poin
Policy Interest Rates,Brazil,2005-09-13,19.75,Harian,Poin
Policy Interest Rates,Brazil,2005-09-14,19.75,Harian,Poin
Policy Interest Rates,Brazil,2005-09-15,19.5,Harian,Poin
Policy Interest Rates,Brazil,2005-09-16,19.5,Harian,Poin
Policy Interest Rates,Brazil,2005-09-19,19.5,Harian,Poin
Policy Interest Rates,Brazil,2005-09-20,19.5,Harian,Poin
Policy Interest Rates,Brazil,2005-09-21,19.5,Harian,Poin
Policy Interest Rates,Brazil,2005-09-22,19.5,Harian,Poin
Policy Interest Rates,Brazil,2005-09-23,19.5,Harian,Poin
Policy Interest Rates,Brazil,2005-09-26,19.5,Harian,Poin
Policy Interest Rates,Brazil,2005-09-27,19.5,Harian,Poin
Policy Interest Rates,Brazil,2005-09-28,19.5,Harian,Poin
Policy Interest Rates,Brazil,2005-09-29,19.5,Harian,Poin
Policy Interest Rates,Brazil,2005-09-30,19.5,Harian,Poin
Policy Interest Rates,Brazil,2005-10-03,19.5,Harian,Poin
Policy Interest Rates,Brazil,2005-10-04,19.5,Harian,Poin
Policy Interest Rates,Brazil,2005-10-05,19.5,Harian,Poin
Policy Interest Rates,Brazil,2005-10-06,19.5,Harian,Poin
Policy Interest Rates,Brazil,2005-10-07,19.5,Harian,Poin
Policy Interest Rates,Brazil,2005-10-10,19.5,Harian,Poin
Policy Interest Rates,Brazil,2005-10-11,19.5,Harian,Poin
Policy Interest Rates,Brazil,2005-10-13,19.5,Harian,Poin
Policy Interest Rates,Brazil,2005-10-14,19.5,Harian,Poin
Policy Interest Rates,Brazil,2005-10-17,19.5,Harian,Poin
Policy Interest Rates,Brazil,2005-10-18,19.5,Harian,Poin
Policy Interest Rates,Brazil,2005-10-19,19.5,Harian,Poin
Policy Interest Rates,Brazil,2005-10-20,19,Harian,Poin
Policy Interest Rates,Brazil,2005-10-21,19,Harian,Poin
Policy Interest Rates,Brazil,2005-10-24,19,Harian,Poin
Policy Interest Rates,Brazil,2005-10-25,19,Harian,Poin
Policy Interest Rates,Brazil,2005-10-26,19,Harian,Poin
Policy Interest Rates,Brazil,2005-10-27,19,Harian,Poin
Policy Interest Rates,Brazil,2005-10-28,19,Harian,Poin
Policy Interest Rates,Brazil,2005-10-31,19,Harian,Poin
Policy Interest Rates,Brazil,2005-11-01,19,Harian,Poin
Policy Interest Rates,Brazil,2005-11-03,19,Harian,Poin
Policy Interest Rates,Brazil,2005-11-04,19,Harian,Poin
Policy Interest Rates,Brazil,2005-11-07,19,Harian,Poin
Policy Interest Rates,Brazil,2005-11-08,19,Harian,Poin
Policy Interest Rates,Brazil,2005-11-09,19,Harian,Poin
Policy Interest Rates,Brazil,2005-11-10,19,Harian,Poin
Policy Interest Rates,Brazil,2005-11-11,19,Harian,Poin
Policy Interest Rates,Brazil,2005-11-14,19,Harian,Poin
Policy Interest Rates,Brazil,2005-11-16,19,Harian,Poin
Policy Interest Rates,Brazil,2005-11-17,19,Harian,Poin
Policy Interest Rates,Brazil,2005-11-18,19,Harian,Poin
Policy Interest Rates,Brazil,2005-11-21,19,Harian,Poin
Policy Interest Rates,Brazil,2005-11-22,19,Harian,Poin
Policy Interest Rates,Brazil,2005-11-23,19,Harian,Poin
Policy Interest Rates,Brazil,2005-11-24,18.5,Harian,Poin
Policy Interest Rates,Brazil,2005-11-25,18.5,Harian,Poin
Policy Interest Rates,Brazil,2005-11-28,18.5,Harian,Poin
Policy Interest Rates,Brazil,2005-11-29,18.5,Harian,Poin
Policy Interest Rates,Brazil,2005-11-30,18.5,Harian,Poin
Policy Interest Rates,Brazil,2005-12-01,18.5,Harian,Poin
Policy Interest Rates,Brazil,2005-12-02,18.5,Harian,Poin
Policy Interest Rates,Brazil,2005-12-05,18.5,Harian,Poin
Policy Interest Rates,Brazil,2005-12-06,18.5,Harian,Poin
Policy Interest Rates,Brazil,2005-12-07,18.5,Harian,Poin
Policy Interest Rates,Brazil,2005-12-08,18.5,Harian,Poin
Policy Interest Rates,Brazil,2005-12-09,18.5,Harian,Poin
Policy Interest Rates,Brazil,2005-12-12,18.5,Harian,Poin
Policy Interest Rates,Brazil,2005-12-13,18.5,Harian,Poin
Policy Interest Rates,Brazil,2005-12-14,18.5,Harian,Poin
Policy Interest Rates,Brazil,2005-12-15,18,Harian,Poin
Policy Interest Rates,Brazil,2005-12-16,18,Harian,Poin
Policy Interest Rates,Brazil,2005-12-19,18,Harian,Poin
Policy Interest Rates,Brazil,2005-12-20,18,Harian,Poin
Policy Interest Rates,Brazil,2005-12-21,18,Harian,Poin
Policy Interest Rates,Brazil,2005-12-22,18,Harian,Poin
Policy Interest Rates,Brazil,2005-12-23,18,Harian,Poin
Policy Interest Rates,Brazil,2005-12-26,18,Harian,Poin
Policy Interest Rates,Brazil,2005-12-27,18,Harian,Poin
Policy Interest Rates,Brazil,2005-12-28,18,Harian,Poin
Policy Interest Rates,Brazil,2005-12-29,18,Harian,Poin
Policy Interest Rates,Brazil,2005-12-30,18,Harian,Poin
Policy Interest Rates,Brazil,2006-01-02,18,Harian,Poin
Policy Interest Rates,Brazil,2006-01-03,18,Harian,Poin
Policy Interest Rates,Brazil,2006-01-04,18,Harian,Poin
Policy Interest Rates,Brazil,2006-01-05,18,Harian,Poin
Policy Interest Rates,Brazil,2006-01-06,18,Harian,Poin
Policy Interest Rates,Brazil,2006-01-09,18,Harian,Poin
Policy Interest Rates,Brazil,2006-01-10,18,Harian,Poin
Policy Interest Rates,Brazil,2006-01-11,18,Harian,Poin
Policy Interest Rates,Brazil,2006-01-12,18,Harian,Poin
Policy Interest Rates,Brazil,2006-01-13,18,Harian,Poin
Policy Interest Rates,Brazil,2006-01-16,18,Harian,Poin
Policy Interest Rates,Brazil,2006-01-17,18,Harian,Poin
Policy Interest Rates,Brazil,2006-01-18,18,Harian,Poin
Policy Interest Rates,Brazil,2006-01-19,17.25,Harian,Poin
Policy Interest Rates,Brazil,2006-01-20,17.25,Harian,Poin
Policy Interest Rates,Brazil,2006-01-23,17.25,Harian,Poin
Policy Interest Rates,Brazil,2006-01-24,17.25,Harian,Poin
Policy Interest Rates,Brazil,2006-01-25,17.25,Harian,Poin
Policy Interest Rates,Brazil,2006-01-26,17.25,Harian,Poin
Policy Interest Rates,Brazil,2006-01-27,17.25,Harian,Poin
Policy Interest Rates,Brazil,2006-01-30,17.25,Harian,Poin
Policy Interest Rates,Brazil,2006-01-31,17.25,Harian,Poin
Policy Interest Rates,Brazil,2006-02-01,17.25,Harian,Poin
Policy Interest Rates,Brazil,2006-02-02,17.25,Harian,Poin
Policy Interest Rates,Brazil,2006-02-03,17.25,Harian,Poin
Policy Interest Rates,Brazil,2006-02-06,17.25,Harian,Poin
Policy Interest Rates,Brazil,2006-02-07,17.25,Harian,Poin
Policy Interest Rates,Brazil,2006-02-08,17.25,Harian,Poin
Policy Interest Rates,Brazil,2006-02-09,17.25,Harian,Poin
Policy Interest Rates,Brazil,2006-02-10,17.25,Harian,Poin
Policy Interest Rates,Brazil,2006-02-13,17.25,Harian,Poin
Policy Interest Rates,Brazil,2006-02-14,17.25,Harian,Poin
Policy Interest Rates,Brazil,2006-02-15,17.25,Harian,Poin
Policy Interest Rates,Brazil,2006-02-16,17.25,Harian,Poin
Policy Interest Rates,Brazil,2006-02-17,17.25,Harian,Poin
Policy Interest Rates,Brazil,2006-02-20,17.25,Harian,Poin
Policy Interest Rates,Brazil,2006-02-21,17.25,Harian,Poin
Policy Interest Rates,Brazil,2006-02-22,17.25,Harian,Poin
Policy Interest Rates,Brazil,2006-02-23,17.25,Harian,Poin
Policy Interest Rates,Brazil,2006-02-24,17.25,Harian,Poin
Policy Interest Rates,Brazil,2006-03-01,17.25,Harian,Poin
Policy Interest Rates,Brazil,2006-03-02,17.25,Harian,Poin
Policy Interest Rates,Brazil,2006-03-03,17.25,Harian,Poin
Policy Interest Rates,Brazil,2006-03-06,17.25,Harian,Poin
Policy Interest Rates,Brazil,2006-03-07,17.25,Harian,Poin
Policy Interest Rates,Brazil,2006-03-08,16.5,Harian,Poin
Policy Interest Rates,Brazil,2006-03-09,16.5,Harian,Poin
Policy Interest Rates,Brazil,2006-03-10,16.5,Harian,Poin
Policy Interest Rates,Brazil,2006-03-13,16.5,Harian,Poin
Policy Interest Rates,Brazil,2006-03-14,16.5,Harian,Poin
Policy Interest Rates,Brazil,2006-03-15,16.5,Harian,Poin
Policy Interest Rates,Brazil,2006-03-16,16.5,Harian,Poin
Policy Interest Rates,Brazil,2006-03-17,16.5,Harian,Poin
Policy Interest Rates,Brazil,2006-03-20,16.5,Harian,Poin
Policy Interest Rates,Brazil,2006-03-21,16.5,Harian,Poin
Policy Interest Rates,Brazil,2006-03-22,16.5,Harian,Poin
Policy Interest Rates,Brazil,2006-03-23,16.5,Harian,Poin
Policy Interest Rates,Brazil,2006-03-24,16.5,Harian,Poin
Policy Interest Rates,Brazil,2006-03-27,16.5,Harian,Poin
Policy Interest Rates,Brazil,2006-03-28,16.5,Harian,Poin
Policy Interest Rates,Brazil,2006-03-29,16.5,Harian,Poin
Policy Interest Rates,Brazil,2006-03-30,16.5,Harian,Poin
Policy Interest Rates,Brazil,2006-03-31,16.5,Harian,Poin
Policy Interest Rates,Brazil,2006-04-03,16.5,Harian,Poin
Policy Interest Rates,Brazil,2006-04-04,16.5,Harian,Poin
Policy Interest Rates,Brazil,2006-04-05,16.5,Harian,Poin
Policy Interest Rates,Brazil,2006-04-06,16.5,Harian,Poin
Policy Interest Rates,Brazil,2006-04-07,16.5,Harian,Poin
Policy Interest Rates,Brazil,2006-04-10,16.5,Harian,Poin
Policy Interest Rates,Brazil,2006-04-11,16.5,Harian,Poin
Policy Interest Rates,Brazil,2006-04-12,16.5,Harian,Poin
Policy Interest Rates,Brazil,2006-04-13,16.5,Harian,Poin
Policy Interest Rates,Brazil,2006-04-17,16.5,Harian,Poin
Policy Interest Rates,Brazil,2006-04-18,16.5,Harian,Poin
Policy Interest Rates,Brazil,2006-04-19,15.75,Harian,Poin
Policy Interest Rates,Brazil,2006-04-20,15.75,Harian,Poin
Policy Interest Rates,Brazil,2006-04-24,15.75,Harian,Poin
Policy Interest Rates,Brazil,2006-04-25,15.75,Harian,Poin
Policy Interest Rates,Brazil,2006-04-26,15.75,Harian,Poin
Policy Interest Rates,Brazil,2006-04-27,15.75,Harian,Poin
Policy Interest Rates,Brazil,2006-04-28,15.75,Harian,Poin
Policy Interest Rates,Brazil,2006-05-02,15.75,Harian,Poin
Policy Interest Rates,Brazil,2006-05-03,15.75,Harian,Poin
Policy Interest Rates,Brazil,2006-05-04,15.75,Harian,Poin
Policy Interest Rates,Brazil,2006-05-05,15.75,Harian,Poin
Policy Interest Rates,Brazil,2006-05-08,15.75,Harian,Poin
Policy Interest Rates,Brazil,2006-05-09,15.75,Harian,Poin
Policy Interest Rates,Brazil,2006-05-10,15.75,Harian,Poin
Policy Interest Rates,Brazil,2006-05-11,15.75,Harian,Poin
Policy Interest Rates,Brazil,2006-05-12,15.75,Harian,Poin
Policy Interest Rates,Brazil,2006-05-15,15.75,Harian,Poin
Policy Interest Rates,Brazil,2006-05-16,15.75,Harian,Poin
Policy Interest Rates,Brazil,2006-05-17,15.75,Harian,Poin
Policy Interest Rates,Brazil,2006-05-18,15.75,Harian,Poin
Policy Interest Rates,Brazil,2006-05-19,15.75,Harian,Poin
Policy Interest Rates,Brazil,2006-05-22,15.75,Harian,Poin
Policy Interest Rates,Brazil,2006-05-23,15.75,Harian,Poin
Policy Interest Rates,Brazil,2006-05-24,15.75,Harian,Poin
Policy Interest Rates,Brazil,2006-05-25,15.75,Harian,Poin
Policy Interest Rates,Brazil,2006-05-26,15.75,Harian,Poin
Policy Interest Rates,Brazil,2006-05-29,15.75,Harian,Poin
Policy Interest Rates,Brazil,2006-05-30,15.75,Harian,Poin
Policy Interest Rates,Brazil,2006-05-31,15.75,Harian,Poin
Policy Interest Rates,Brazil,2006-06-01,15.25,Harian,Poin
Policy Interest Rates,Brazil,2006-06-02,15.25,Harian,Poin
Policy Interest Rates,Brazil,2006-06-05,15.25,Harian,Poin
Policy Interest Rates,Brazil,2006-06-06,15.25,Harian,Poin
Policy Interest Rates,Brazil,2006-06-07,15.25,Harian,Poin
Policy Interest Rates,Brazil,2006-06-08,15.25,Harian,Poin
Policy Interest Rates,Brazil,2006-06-09,15.25,Harian,Poin
Policy Interest Rates,Brazil,2006-06-12,15.25,Harian,Poin
Policy Interest Rates,Brazil,2006-06-13,15.25,Harian,Poin
Policy Interest Rates,Brazil,2006-06-14,15.25,Harian,Poin
Policy Interest Rates,Brazil,2006-06-16,15.25,Harian,Poin
Policy Interest Rates,Brazil,2006-06-19,15.25,Harian,Poin
Policy Interest Rates,Brazil,2006-06-20,15.25,Harian,Poin
Policy Interest Rates,Brazil,2006-06-21,15.25,Harian,Poin
Policy Interest Rates,Brazil,2006-06-22,15.25,Harian,Poin
Policy Interest Rates,Brazil,2006-06-23,15.25,Harian,Poin
Policy Interest Rates,Brazil,2006-06-26,15.25,Harian,Poin
Policy Interest Rates,Brazil,2006-06-27,15.25,Harian,Poin
Policy Interest Rates,Brazil,2006-06-28,15.25,Harian,Poin
Policy Interest Rates,Brazil,2006-06-29,15.25,Harian,Poin
Policy Interest Rates,Brazil,2006-06-30,15.25,Harian,Poin
Policy Interest Rates,Brazil,2006-07-03,15.25,Harian,Poin
Policy Interest Rates,Brazil,2006-07-04,15.25,Harian,Poin
Policy Interest Rates,Brazil,2006-07-05,15.25,Harian,Poin
Policy Interest Rates,Brazil,2006-07-06,15.25,Harian,Poin
Policy Interest Rates,Brazil,2006-07-07,15.25,Harian,Poin
Policy Interest Rates,Brazil,2006-07-10,15.25,Harian,Poin
Policy Interest Rates,Brazil,2006-07-11,15.25,Harian,Poin
Policy Interest Rates,Brazil,2006-07-12,15.25,Harian,Poin
Policy Interest Rates,Brazil,2006-07-13,15.25,Harian,Poin
Policy Interest Rates,Brazil,2006-07-14,15.25,Harian,Poin
Policy Interest Rates,Brazil,2006-07-17,15.25,Harian,Poin
Policy Interest Rates,Brazil,2006-07-18,15.25,Harian,Poin
Policy Interest Rates,Brazil,2006-07-19,15.25,Harian,Poin
Policy Interest Rates,Brazil,2006-07-20,14.75,Harian,Poin
Policy Interest Rates,Brazil,2006-07-21,14.75,Harian,Poin
Policy Interest Rates,Brazil,2006-07-24,14.75,Harian,Poin
Policy Interest Rates,Brazil,2006-07-25,14.75,Harian,Poin
Policy Interest Rates,Brazil,2006-07-26,14.75,Harian,Poin
Policy Interest Rates,Brazil,2006-07-27,14.75,Harian,Poin
Policy Interest Rates,Brazil,2006-07-28,14.75,Harian,Poin
Policy Interest Rates,Brazil,2006-07-31,14.75,Harian,Poin
Policy Interest Rates,Brazil,2006-08-01,14.75,Harian,Poin
Policy Interest Rates,Brazil,2006-08-02,14.75,Harian,Poin
Policy Interest Rates,Brazil,2006-08-03,14.75,Harian,Poin
Policy Interest Rates,Brazil,2006-08-04,14.75,Harian,Poin
Policy Interest Rates,Brazil,2006-08-07,14.75,Harian,Poin
Policy Interest Rates,Brazil,2006-08-08,14.75,Harian,Poin
Policy Interest Rates,Brazil,2006-08-09,14.75,Harian,Poin
Policy Interest Rates,Brazil,2006-08-10,14.75,Harian,Poin
Policy Interest Rates,Brazil,2006-08-11,14.75,Harian,Poin
Policy Interest Rates,Brazil,2006-08-14,14.75,Harian,Poin
Policy Interest Rates,Brazil,2006-08-15,14.75,Harian,Poin
Policy Interest Rates,Brazil,2006-08-16,14.75,Harian,Poin
Policy Interest Rates,Brazil,2006-08-17,14.75,Harian,Poin
Policy Interest Rates,Brazil,2006-08-18,14.75,Harian,Poin
Policy Interest Rates,Brazil,2006-08-21,14.75,Harian,Poin
Policy Interest Rates,Brazil,2006-08-22,14.75,Harian,Poin
Policy Interest Rates,Brazil,2006-08-23,14.75,Harian,Poin
Policy Interest Rates,Brazil,2006-08-24,14.75,Harian,Poin
Policy Interest Rates,Brazil,2006-08-25,14.75,Harian,Poin
Policy Interest Rates,Brazil,2006-08-28,14.75,Harian,Poin
Policy Interest Rates,Brazil,2006-08-29,14.75,Harian,Poin
Policy Interest Rates,Brazil,2006-08-30,14.25,Harian,Poin
Policy Interest Rates,Brazil,2006-08-31,14.25,Harian,Poin
Policy Interest Rates,Brazil,2006-09-01,14.25,Harian,Poin
Policy Interest Rates,Brazil,2006-09-04,14.25,Harian,Poin
Policy Interest Rates,Brazil,2006-09-05,14.25,Harian,Poin
Policy Interest Rates,Brazil,2006-09-06,14.25,Harian,Poin
Policy Interest Rates,Brazil,2006-09-08,14.25,Harian,Poin
Policy Interest Rates,Brazil,2006-09-11,14.25,Harian,Poin
Policy Interest Rates,Brazil,2006-09-12,14.25,Harian,Poin
Policy Interest Rates,Brazil,2006-09-13,14.25,Harian,Poin
Policy Interest Rates,Brazil,2006-09-14,14.25,Harian,Poin
Policy Interest Rates,Brazil,2006-09-15,14.25,Harian,Poin
Policy Interest Rates,Brazil,2006-09-18,14.25,Harian,Poin
Policy Interest Rates,Brazil,2006-09-19,14.25,Harian,Poin
Policy Interest Rates,Brazil,2006-09-20,14.25,Harian,Poin
Policy Interest Rates,Brazil,2006-09-21,14.25,Harian,Poin
Policy Interest Rates,Brazil,2006-09-22,14.25,Harian,Poin
Policy Interest Rates,Brazil,2006-09-25,14.25,Harian,Poin
Policy Interest Rates,Brazil,2006-09-26,14.25,Harian,Poin
Policy Interest Rates,Brazil,2006-09-27,14.25,Harian,Poin
Policy Interest Rates,Brazil,2006-09-28,14.25,Harian,Poin
Policy Interest Rates,Brazil,2006-09-29,14.25,Harian,Poin
Policy Interest Rates,Brazil,2006-10-02,14.25,Harian,Poin
Policy Interest Rates,Brazil,2006-10-03,14.25,Harian,Poin
Policy Interest Rates,Brazil,2006-10-04,14.25,Harian,Poin
Policy Interest Rates,Brazil,2006-10-05,14.25,Harian,Poin
Policy Interest Rates,Brazil,2006-10-06,14.25,Harian,Poin
Policy Interest Rates,Brazil,2006-10-09,14.25,Harian,Poin
Policy Interest Rates,Brazil,2006-10-10,14.25,Harian,Poin
Policy Interest Rates,Brazil,2006-10-11,14.25,Harian,Poin
Policy Interest Rates,Brazil,2006-10-13,14.25,Harian,Poin
Policy Interest Rates,Brazil,2006-10-16,14.25,Harian,Poin
Policy Interest Rates,Brazil,2006-10-17,14.25,Harian,Poin
Policy Interest Rates,Brazil,2006-10-18,13.75,Harian,Poin
Policy Interest Rates,Brazil,2006-10-19,13.75,Harian,Poin
Policy Interest Rates,Brazil,2006-10-20,13.75,Harian,Poin
Policy Interest Rates,Brazil,2006-10-23,13.75,Harian,Poin
Policy Interest Rates,Brazil,2006-10-24,13.75,Harian,Poin
Policy Interest Rates,Brazil,2006-10-25,13.75,Harian,Poin
Policy Interest Rates,Brazil,2006-10-26,13.75,Harian,Poin
Policy Interest Rates,Brazil,2006-10-27,13.75,Harian,Poin
Policy Interest Rates,Brazil,2006-10-30,13.75,Harian,Poin
Policy Interest Rates,Brazil,2006-10-31,13.75,Harian,Poin
Policy Interest Rates,Brazil,2006-11-01,13.75,Harian,Poin
Policy Interest Rates,Brazil,2006-11-03,13.75,Harian,Poin
Policy Interest Rates,Brazil,2006-11-06,13.75,Harian,Poin
Policy Interest Rates,Brazil,2006-11-07,13.75,Harian,Poin
Policy Interest Rates,Brazil,2006-11-08,13.75,Harian,Poin
Policy Interest Rates,Brazil,2006-11-09,13.75,Harian,Poin
Policy Interest Rates,Brazil,2006-11-10,13.75,Harian,Poin
Policy Interest Rates,Brazil,2006-11-13,13.75,Harian,Poin
Policy Interest Rates,Brazil,2006-11-14,13.75,Harian,Poin
Policy Interest Rates,Brazil,2006-11-16,13.75,Harian,Poin
Policy Interest Rates,Brazil,2006-11-17,13.75,Harian,Poin
Policy Interest Rates,Brazil,2006-11-20,13.75,Harian,Poin
Policy Interest Rates,Brazil,2006-11-21,13.75,Harian,Poin
Policy Interest Rates,Brazil,2006-11-22,13.75,Harian,Poin
Policy Interest Rates,Brazil,2006-11-23,13.75,Harian,Poin
Policy Interest Rates,Brazil,2006-11-24,13.75,Harian,Poin
Policy Interest Rates,Brazil,2006-11-27,13.75,Harian,Poin
Policy Interest Rates,Brazil,2006-11-28,13.75,Harian,Poin
Policy Interest Rates,Brazil,2006-11-29,13.25,Harian,Poin
Policy Interest Rates,Brazil,2006-11-30,13.25,Harian,Poin
Policy Interest Rates,Brazil,2006-12-01,13.25,Harian,Poin
Policy Interest Rates,Brazil,2006-12-04,13.25,Harian,Poin
Policy Interest Rates,Brazil,2006-12-05,13.25,Harian,Poin
Policy Interest Rates,Brazil,2006-12-06,13.25,Harian,Poin
Policy Interest Rates,Brazil,2006-12-07,13.25,Harian,Poin
Policy Interest Rates,Brazil,2006-12-08,13.25,Harian,Poin
Policy Interest Rates,Brazil,2006-12-11,13.25,Harian,Poin
Policy Interest Rates,Brazil,2006-12-12,13.25,Harian,Poin
Policy Interest Rates,Brazil,2006-12-13,13.25,Harian,Poin
Policy Interest Rates,Brazil,2006-12-14,13.25,Harian,Poin
Policy Interest Rates,Brazil,2006-12-15,13.25,Harian,Poin
Policy Interest Rates,Brazil,2006-12-18,13.25,Harian,Poin
Policy Interest Rates,Brazil,2006-12-19,13.25,Harian,Poin
Policy Interest Rates,Brazil,2006-12-20,13.25,Harian,Poin
Policy Interest Rates,Brazil,2006-12-21,13.25,Harian,Poin
Policy Interest Rates,Brazil,2006-12-22,13.25,Harian,Poin
Policy Interest Rates,Brazil,2006-12-26,13.25,Harian,Poin
Policy Interest Rates,Brazil,2006-12-27,13.25,Harian,Poin
Policy Interest Rates,Brazil,2006-12-28,13.25,Harian,Poin
Policy Interest Rates,Brazil,2006-12-29,13.25,Harian,Poin
Policy Interest Rates,Brazil,2007-01-03,13.25,Harian,Poin
Policy Interest Rates,Brazil,2007-01-04,13.25,Harian,Poin
Policy Interest Rates,Brazil,2007-01-05,13.25,Harian,Poin
Policy Interest Rates,Brazil,2007-01-08,13.25,Harian,Poin
Policy Interest Rates,Brazil,2007-01-09,13.25,Harian,Poin
Policy Interest Rates,Brazil,2007-01-10,13.25,Harian,Poin
Policy Interest Rates,Brazil,2007-01-11,13.25,Harian,Poin
Policy Interest Rates,Brazil,2007-01-12,13.25,Harian,Poin
Policy Interest Rates,Brazil,2007-01-15,13.25,Harian,Poin
Policy Interest Rates,Brazil,2007-01-16,13.25,Harian,Poin
Policy Interest Rates,Brazil,2007-01-17,13.25,Harian,Poin
Policy Interest Rates,Brazil,2007-01-18,13.25,Harian,Poin
Policy Interest Rates,Brazil,2007-01-19,13.25,Harian,Poin
Policy Interest Rates,Brazil,2007-01-22,13.25,Harian,Poin
Policy Interest Rates,Brazil,2007-01-23,13.25,Harian,Poin
Policy Interest Rates,Brazil,2007-01-24,13,Harian,Poin
Policy Interest Rates,Brazil,2007-01-25,13,Harian,Poin
Policy Interest Rates,Brazil,2007-01-26,13,Harian,Poin
Policy Interest Rates,Brazil,2007-01-29,13,Harian,Poin
Policy Interest Rates,Brazil,2007-01-30,13,Harian,Poin
Policy Interest Rates,Brazil,2007-01-31,13,Harian,Poin
Policy Interest Rates,Brazil,2007-02-01,13,Harian,Poin
Policy Interest Rates,Brazil,2007-02-02,13,Harian,Poin
Policy Interest Rates,Brazil,2007-02-05,13,Harian,Poin
Policy Interest Rates,Brazil,2007-02-06,13,Harian,Poin
Policy Interest Rates,Brazil,2007-02-07,13,Harian,Poin
Policy Interest Rates,Brazil,2007-02-08,13,Harian,Poin
Policy Interest Rates,Brazil,2007-02-09,13,Harian,Poin
Policy Interest Rates,Brazil,2007-02-12,13,Harian,Poin
Policy Interest Rates,Brazil,2007-02-13,13,Harian,Poin
Policy Interest Rates,Brazil,2007-02-14,13,Harian,Poin
Policy Interest Rates,Brazil,2007-02-15,13,Harian,Poin
Policy Interest Rates,Brazil,2007-02-16,13,Harian,Poin
Policy Interest Rates,Brazil,2007-02-21,13,Harian,Poin
Policy Interest Rates,Brazil,2007-02-22,13,Harian,Poin
Policy Interest Rates,Brazil,2007-02-23,13,Harian,Poin
Policy Interest Rates,Brazil,2007-02-26,13,Harian,Poin
Policy Interest Rates,Brazil,2007-02-27,13,Harian,Poin
Policy Interest Rates,Brazil,2007-02-28,13,Harian,Poin
Policy Interest Rates,Brazil,2007-03-01,13,Harian,Poin
Policy Interest Rates,Brazil,2007-03-02,13,Harian,Poin
Policy Interest Rates,Brazil,2007-03-05,13,Harian,Poin
Policy Interest Rates,Brazil,2007-03-06,13,Harian,Poin
Policy Interest Rates,Brazil,2007-03-07,12.75,Harian,Poin
Policy Interest Rates,Brazil,2007-03-08,12.75,Harian,Poin
Policy Interest Rates,Brazil,2007-03-09,12.75,Harian,Poin
Policy Interest Rates,Brazil,2007-03-12,12.75,Harian,Poin
Policy Interest Rates,Brazil,2007-03-13,12.75,Harian,Poin
Policy Interest Rates,Brazil,2007-03-14,12.75,Harian,Poin
Policy Interest Rates,Brazil,2007-03-15,12.75,Harian,Poin
Policy Interest Rates,Brazil,2007-03-16,12.75,Harian,Poin
Policy Interest Rates,Brazil,2007-03-19,12.75,Harian,Poin
Policy Interest Rates,Brazil,2007-03-20,12.75,Harian,Poin
Policy Interest Rates,Brazil,2007-03-21,12.75,Harian,Poin
Policy Interest Rates,Brazil,2007-03-22,12.75,Harian,Poin
Policy Interest Rates,Brazil,2007-03-23,12.75,Harian,Poin
Policy Interest Rates,Brazil,2007-03-26,12.75,Harian,Poin
Policy Interest Rates,Brazil,2007-03-27,12.75,Harian,Poin
Policy Interest Rates,Brazil,2007-03-28,12.75,Harian,Poin
Policy Interest Rates,Brazil,2007-03-29,12.75,Harian,Poin
Policy Interest Rates,Brazil,2007-03-30,12.75,Harian,Poin
Policy Interest Rates,Brazil,2007-04-02,12.75,Harian,Poin
Policy Interest Rates,Brazil,2007-04-03,12.75,Harian,Poin
Policy Interest Rates,Brazil,2007-04-04,12.75,Harian,Poin
Policy Interest Rates,Brazil,2007-04-05,12.75,Harian,Poin
Policy Interest Rates,Brazil,2007-04-09,12.75,Harian,Poin
Policy Interest Rates,Brazil,2007-04-10,12.75,Harian,Poin
Policy Interest Rates,Brazil,2007-04-11,12.75,Harian,Poin
Policy Interest Rates,Brazil,2007-04-12,12.75,Harian,Poin
Policy Interest Rates,Brazil,2007-04-13,12.75,Harian,Poin
Policy Interest Rates,Brazil,2007-04-16,12.75,Harian,Poin
Policy Interest Rates,Brazil,2007-04-17,12.75,Harian,Poin
Policy Interest Rates,Brazil,2007-04-18,12.75,Harian,Poin
Policy Interest Rates,Brazil,2007-04-19,12.5,Harian,Poin
Policy Interest Rates,Brazil,2007-04-20,12.5,Harian,Poin
Policy Interest Rates,Brazil,2007-04-23,12.5,Harian,Poin
Policy Interest Rates,Brazil,2007-04-24,12.5,Harian,Poin
Policy Interest Rates,Brazil,2007-04-25,12.5,Harian,Poin
Policy Interest Rates,Brazil,2007-04-26,12.5,Harian,Poin
Policy Interest Rates,Brazil,2007-04-27,12.5,Harian,Poin
Policy Interest Rates,Brazil,2007-04-30,12.5,Harian,Poin
Policy Interest Rates,Brazil,2007-05-02,12.5,Harian,Poin
Policy Interest Rates,Brazil,2007-05-03,12.5,Harian,Poin
Policy Interest Rates,Brazil,2007-05-04,12.5,Harian,Poin
Policy Interest Rates,Brazil,2007-05-07,12.5,Harian,Poin
Policy Interest Rates,Brazil,2007-05-08,12.5,Harian,Poin
Policy Interest Rates,Brazil,2007-05-09,12.5,Harian,Poin
Policy Interest Rates,Brazil,2007-05-10,12.5,Harian,Poin
Policy Interest Rates,Brazil,2007-05-11,12.5,Harian,Poin
Policy Interest Rates,Brazil,2007-05-14,12.5,Harian,Poin
Policy Interest Rates,Brazil,2007-05-15,12.5,Harian,Poin
Policy Interest Rates,Brazil,2007-05-16,12.5,Harian,Poin
Policy Interest Rates,Brazil,2007-05-17,12.5,Harian,Poin
Policy Interest Rates,Brazil,2007-05-18,12.5,Harian,Poin
Policy Interest Rates,Brazil,2007-05-21,12.5,Harian,Poin
Policy Interest Rates,Brazil,2007-05-22,12.5,Harian,Poin
Policy Interest Rates,Brazil,2007-05-23,12.5,Harian,Poin
Policy Interest Rates,Brazil,2007-05-24,12.5,Harian,Poin
Policy Interest Rates,Brazil,2007-05-25,12.5,Harian,Poin
Policy Interest Rates,Brazil,2007-05-28,12.5,Harian,Poin
Policy Interest Rates,Brazil,2007-05-29,12.5,Harian,Poin
Policy Interest Rates,Brazil,2007-05-30,12.5,Harian,Poin
Policy Interest Rates,Brazil,2007-05-31,12.5,Harian,Poin
Policy Interest Rates,Brazil,2007-06-01,12.5,Harian,Poin
Policy Interest Rates,Brazil,2007-06-04,12.5,Harian,Poin
Policy Interest Rates,Brazil,2007-06-05,12.5,Harian,Poin
Policy Interest Rates,Brazil,2007-06-06,12,Harian,Poin
Policy Interest Rates,Brazil,2007-06-07,12,Harian,Poin
Policy Interest Rates,Brazil,2007-06-08,12,Harian,Poin
Policy Interest Rates,Brazil,2007-06-11,12,Harian,Poin
Policy Interest Rates,Brazil,2007-06-12,12,Harian,Poin
Policy Interest Rates,Brazil,2007-06-13,12,Harian,Poin
Policy Interest Rates,Brazil,2007-06-14,12,Harian,Poin
Policy Interest Rates,Brazil,2007-06-15,12,Harian,Poin
Policy Interest Rates,Brazil,2007-06-18,12,Harian,Poin
Policy Interest Rates,Brazil,2007-06-19,12,Harian,Poin
Policy Interest Rates,Brazil,2007-06-20,12,Harian,Poin
Policy Interest Rates,Brazil,2007-06-21,12,Harian,Poin
Policy Interest Rates,Brazil,2007-06-22,12,Harian,Poin
Policy Interest Rates,Brazil,2007-06-25,12,Harian,Poin
Policy Interest Rates,Brazil,2007-06-26,12,Harian,Poin
Policy Interest Rates,Brazil,2007-06-27,12,Harian,Poin
Policy Interest Rates,Brazil,2007-06-28,12,Harian,Poin
Policy Interest Rates,Brazil,2007-06-29,12,Harian,Poin
Policy Interest Rates,Brazil,2007-07-02,12,Harian,Poin
Policy Interest Rates,Brazil,2007-07-03,12,Harian,Poin
Policy Interest Rates,Brazil,2007-07-04,12,Harian,Poin
Policy Interest Rates,Brazil,2007-07-05,12,Harian,Poin
Policy Interest Rates,Brazil,2007-07-06,12,Harian,Poin
Policy Interest Rates,Brazil,2007-07-10,12,Harian,Poin
Policy Interest Rates,Brazil,2007-07-11,12,Harian,Poin
Policy Interest Rates,Brazil,2007-07-12,12,Harian,Poin
Policy Interest Rates,Brazil,2007-07-13,12,Harian,Poin
Policy Interest Rates,Brazil,2007-07-16,12,Harian,Poin
Policy Interest Rates,Brazil,2007-07-17,12,Harian,Poin
Policy Interest Rates,Brazil,2007-07-18,12,Harian,Poin
Policy Interest Rates,Brazil,2007-07-19,11.5,Harian,Poin
Policy Interest Rates,Brazil,2007-07-20,11.5,Harian,Poin
Policy Interest Rates,Brazil,2007-07-23,11.5,Harian,Poin
Policy Interest Rates,Brazil,2007-07-24,11.5,Harian,Poin
Policy Interest Rates,Brazil,2007-07-25,11.5,Harian,Poin
Policy Interest Rates,Brazil,2007-07-26,11.5,Harian,Poin
Policy Interest Rates,Brazil,2007-07-27,11.5,Harian,Poin
Policy Interest Rates,Brazil,2007-07-30,11.5,Harian,Poin
Policy Interest Rates,Brazil,2007-07-31,11.5,Harian,Poin
Policy Interest Rates,Brazil,2007-08-01,11.5,Harian,Poin
Policy Interest Rates,Brazil,2007-08-02,11.5,Harian,Poin
Policy Interest Rates,Brazil,2007-08-03,11.5,Harian,Poin
Policy Interest Rates,Brazil,2007-08-06,11.5,Harian,Poin
Policy Interest Rates,Brazil,2007-08-07,11.5,Harian,Poin
Policy Interest Rates,Brazil,2007-08-08,11.5,Harian,Poin
Policy Interest Rates,Brazil,2007-08-09,11.5,Harian,Poin
Policy Interest Rates,Brazil,2007-08-10,11.5,Harian,Poin
Policy Interest Rates,Brazil,2007-08-13,11.5,Harian,Poin
Policy Interest Rates,Brazil,2007-08-14,11.5,Harian,Poin
Policy Interest Rates,Brazil,2007-08-15,11.5,Harian,Poin
Policy Interest Rates,Brazil,2007-08-16,11.5,Harian,Poin
Policy Interest Rates,Brazil,2007-08-17,11.5,Harian,Poin
Policy Interest Rates,Brazil,2007-08-20,11.5,Harian,Poin
Policy Interest Rates,Brazil,2007-08-21,11.5,Harian,Poin
Policy Interest Rates,Brazil,2007-08-22,11.5,Harian,Poin
Policy Interest Rates,Brazil,2007-08-23,11.5,Harian,Poin
Policy Interest Rates,Brazil,2007-08-24,11.5,Harian,Poin
Policy Interest Rates,Brazil,2007-08-27,11.5,Harian,Poin
Policy Interest Rates,Brazil,2007-08-28,11.5,Harian,Poin
Policy Interest Rates,Brazil,2007-08-29,11.5,Harian,Poin
Policy Interest Rates,Brazil,2007-08-30,11.5,Harian,Poin
Policy Interest Rates,Brazil,2007-08-31,11.5,Harian,Poin
Policy Interest Rates,Brazil,2007-09-03,11.5,Harian,Poin
Policy Interest Rates,Brazil,2007-09-04,11.5,Harian,Poin
Policy Interest Rates,Brazil,2007-09-05,11.5,Harian,Poin
Policy Interest Rates,Brazil,2007-09-06,11.25,Harian,Poin
Policy Interest Rates,Brazil,2007-09-10,11.25,Harian,Poin
Policy Interest Rates,Brazil,2007-09-11,11.25,Harian,Poin
Policy Interest Rates,Brazil,2007-09-12,11.25,Harian,Poin
Policy Interest Rates,Brazil,2007-09-13,11.25,Harian,Poin
Policy Interest Rates,Brazil,2007-09-14,11.25,Harian,Poin
Policy Interest Rates,Brazil,2007-09-17,11.25,Harian,Poin
Policy Interest Rates,Brazil,2007-09-18,11.25,Harian,Poin
Policy Interest Rates,Brazil,2007-09-19,11.25,Harian,Poin
Policy Interest Rates,Brazil,2007-09-20,11.25,Harian,Poin
Policy Interest Rates,Brazil,2007-09-21,11.25,Harian,Poin
Policy Interest Rates,Brazil,2007-09-24,11.25,Harian,Poin
Policy Interest Rates,Brazil,2007-09-25,11.25,Harian,Poin
Policy Interest Rates,Brazil,2007-09-26,11.25,Harian,Poin
Policy Interest Rates,Brazil,2007-09-27,11.25,Harian,Poin
Policy Interest Rates,Brazil,2007-09-28,11.25,Harian,Poin
Policy Interest Rates,Brazil,2007-10-01,11.25,Harian,Poin
Policy Interest Rates,Brazil,2007-10-02,11.25,Harian,Poin
Policy Interest Rates,Brazil,2007-10-03,11.25,Harian,Poin
Policy Interest Rates,Brazil,2007-10-04,11.25,Harian,Poin
Policy Interest Rates,Brazil,2007-10-05,11.25,Harian,Poin
Policy Interest Rates,Brazil,2007-10-08,11.25,Harian,Poin
Policy Interest Rates,Brazil,2007-10-09,11.25,Harian,Poin
Policy Interest Rates,Brazil,2007-10-10,11.25,Harian,Poin
Policy Interest Rates,Brazil,2007-10-11,11.25,Harian,Poin
Policy Interest Rates,Brazil,2007-10-15,11.25,Harian,Poin
Policy Interest Rates,Brazil,2007-10-16,11.25,Harian,Poin
Policy Interest Rates,Brazil,2007-10-17,11.25,Harian,Poin
Policy Interest Rates,Brazil,2007-10-18,11.25,Harian,Poin
Policy Interest Rates,Brazil,2007-10-19,11.25,Harian,Poin
Policy Interest Rates,Brazil,2007-10-22,11.25,Harian,Poin
Policy Interest Rates,Brazil,2007-10-23,11.25,Harian,Poin
Policy Interest Rates,Brazil,2007-10-24,11.25,Harian,Poin
Policy Interest Rates,Brazil,2007-10-25,11.25,Harian,Poin
Policy Interest Rates,Brazil,2007-10-26,11.25,Harian,Poin
Policy Interest Rates,Brazil,2007-10-29,11.25,Harian,Poin
Policy Interest Rates,Brazil,2007-10-30,11.25,Harian,Poin
Policy Interest Rates,Brazil,2007-10-31,11.25,Harian,Poin
Policy Interest Rates,Brazil,2007-11-01,11.25,Harian,Poin
Policy Interest Rates,Brazil,2007-11-05,11.25,Harian,Poin
Policy Interest Rates,Brazil,2007-11-06,11.25,Harian,Poin
Policy Interest Rates,Brazil,2007-11-07,11.25,Harian,Poin
Policy Interest Rates,Brazil,2007-11-08,11.25,Harian,Poin
Policy Interest Rates,Brazil,2007-11-09,11.25,Harian,Poin
Policy Interest Rates,Brazil,2007-11-12,11.25,Harian,Poin
Policy Interest Rates,Brazil,2007-11-13,11.25,Harian,Poin
Policy Interest Rates,Brazil,2007-11-14,11.25,Harian,Poin
Policy Interest Rates,Brazil,2007-11-16,11.25,Harian,Poin
Policy Interest Rates,Brazil,2007-11-19,11.25,Harian,Poin
Policy Interest Rates,Brazil,2007-11-20,11.25,Harian,Poin
Policy Interest Rates,Brazil,2007-11-21,11.25,Harian,Poin
Policy Interest Rates,Brazil,2007-11-22,11.25,Harian,Poin
Policy Interest Rates,Brazil,2007-11-23,11.25,Harian,Poin
Policy Interest Rates,Brazil,2007-11-26,11.25,Harian,Poin
Policy Interest Rates,Brazil,2007-11-27,11.25,Harian,Poin
Policy Interest Rates,Brazil,2007-11-28,11.25,Harian,Poin
Policy Interest Rates,Brazil,2007-11-29,11.25,Harian,Poin
Policy Interest Rates,Brazil,2007-11-30,11.25,Harian,Poin
Policy Interest Rates,Brazil,2007-12-03,11.25,Harian,Poin
Policy Interest Rates,Brazil,2007-12-04,11.25,Harian,Poin
Policy Interest Rates,Brazil,2007-12-05,11.25,Harian,Poin
Policy Interest Rates,Brazil,2007-12-06,11.25,Harian,Poin
Policy Interest Rates,Brazil,2007-12-07,11.25,Harian,Poin
Policy Interest Rates,Brazil,2007-12-10,11.25,Harian,Poin
Policy Interest Rates,Brazil,2007-12-11,11.25,Harian,Poin
Policy Interest Rates,Brazil,2007-12-12,11.25,Harian,Poin
Policy Interest Rates,Brazil,2007-12-13,11.25,Harian,Poin
Policy Interest Rates,Brazil,2007-12-14,11.25,Harian,Poin
Policy Interest Rates,Brazil,2007-12-17,11.25,Harian,Poin
Policy Interest Rates,Brazil,2007-12-18,11.25,Harian,Poin
Policy Interest Rates,Brazil,2007-12-19,11.25,Harian,Poin
Policy Interest Rates,Brazil,2007-12-20,11.25,Harian,Poin
Policy Interest Rates,Brazil,2007-12-21,11.25,Harian,Poin
Policy Interest Rates,Brazil,2007-12-24,11.25,Harian,Poin
Policy Interest Rates,Brazil,2007-12-26,11.25,Harian,Poin
Policy Interest Rates,Brazil,2007-12-27,11.25,Harian,Poin
Policy Interest Rates,Brazil,2007-12-28,11.25,Harian,Poin
Policy Interest Rates,Brazil,2007-12-31,11.25,Harian,Poin
Policy Interest Rates,Brazil,2008-01-02,11.25,Harian,Poin
Policy Interest Rates,Brazil,2008-01-03,11.25,Harian,Poin
Policy Interest Rates,Brazil,2008-01-04,11.25,Harian,Poin
Policy Interest Rates,Brazil,2008-01-07,11.25,Harian,Poin
Policy Interest Rates,Brazil,2008-01-08,11.25,Harian,Poin
Policy Interest Rates,Brazil,2008-01-09,11.25,Harian,Poin
Policy Interest Rates,Brazil,2008-01-10,11.25,Harian,Poin
Policy Interest Rates,Brazil,2008-01-11,11.25,Harian,Poin
Policy Interest Rates,Brazil,2008-01-14,11.25,Harian,Poin
Policy Interest Rates,Brazil,2008-01-15,11.25,Harian,Poin
Policy Interest Rates,Brazil,2008-01-16,11.25,Harian,Poin
Policy Interest Rates,Brazil,2008-01-17,11.25,Harian,Poin
Policy Interest Rates,Brazil,2008-01-18,11.25,Harian,Poin
Policy Interest Rates,Brazil,2008-01-21,11.25,Harian,Poin
Policy Interest Rates,Brazil,2008-01-22,11.25,Harian,Poin
Policy Interest Rates,Brazil,2008-01-23,11.25,Harian,Poin
Policy Interest Rates,Brazil,2008-01-24,11.25,Harian,Poin
Policy Interest Rates,Brazil,2008-01-25,11.25,Harian,Poin
Policy Interest Rates,Brazil,2008-01-28,11.25,Harian,Poin
Policy Interest Rates,Brazil,2008-01-29,11.25,Harian,Poin
Policy Interest Rates,Brazil,2008-01-30,11.25,Harian,Poin
Policy Interest Rates,Brazil,2008-01-31,11.25,Harian,Poin
Policy Interest Rates,Brazil,2008-02-01,11.25,Harian,Poin
Policy Interest Rates,Brazil,2008-02-06,11.25,Harian,Poin
Policy Interest Rates,Brazil,2008-02-07,11.25,Harian,Poin
Policy Interest Rates,Brazil,2008-02-08,11.25,Harian,Poin
Policy Interest Rates,Brazil,2008-02-11,11.25,Harian,Poin
Policy Interest Rates,Brazil,2008-02-12,11.25,Harian,Poin
Policy Interest Rates,Brazil,2008-02-13,11.25,Harian,Poin
Policy Interest Rates,Brazil,2008-02-14,11.25,Harian,Poin
Policy Interest Rates,Brazil,2008-02-15,11.25,Harian,Poin
Policy Interest Rates,Brazil,2008-02-18,11.25,Harian,Poin
Policy Interest Rates,Brazil,2008-02-19,11.25,Harian,Poin
Policy Interest Rates,Brazil,2008-02-20,11.25,Harian,Poin
Policy Interest Rates,Brazil,2008-02-21,11.25,Harian,Poin
Policy Interest Rates,Brazil,2008-02-22,11.25,Harian,Poin
Policy Interest Rates,Brazil,2008-02-25,11.25,Harian,Poin
Policy Interest Rates,Brazil,2008-02-26,11.25,Harian,Poin
Policy Interest Rates,Brazil,2008-02-27,11.25,Harian,Poin
Policy Interest Rates,Brazil,2008-02-28,11.25,Harian,Poin
Policy Interest Rates,Brazil,2008-02-29,11.25,Harian,Poin
Policy Interest Rates,Brazil,2008-03-03,11.25,Harian,Poin
Policy Interest Rates,Brazil,2008-03-04,11.25,Harian,Poin
Policy Interest Rates,Brazil,2008-03-05,11.25,Harian,Poin
Policy Interest Rates,Brazil,2008-03-06,11.25,Harian,Poin
Policy Interest Rates,Brazil,2008-03-07,11.25,Harian,Poin
Policy Interest Rates,Brazil,2008-03-10,11.25,Harian,Poin
Policy Interest Rates,Brazil,2008-03-11,11.25,Harian,Poin
Policy Interest Rates,Brazil,2008-03-12,11.25,Harian,Poin
Policy Interest Rates,Brazil,2008-03-13,11.25,Harian,Poin
Policy Interest Rates,Brazil,2008-03-14,11.25,Harian,Poin
Policy Interest Rates,Brazil,2008-03-17,11.25,Harian,Poin
Policy Interest Rates,Brazil,2008-03-18,11.25,Harian,Poin
Policy Interest Rates,Brazil,2008-03-19,11.25,Harian,Poin
Policy Interest Rates,Brazil,2008-03-20,11.25,Harian,Poin
Policy Interest Rates,Brazil,2008-03-24,11.25,Harian,Poin
Policy Interest Rates,Brazil,2008-03-25,11.25,Harian,Poin
Policy Interest Rates,Brazil,2008-03-26,11.25,Harian,Poin
Policy Interest Rates,Brazil,2008-03-27,11.25,Harian,Poin
Policy Interest Rates,Brazil,2008-03-28,11.25,Harian,Poin
Policy Interest Rates,Brazil,2008-03-31,11.25,Harian,Poin
Policy Interest Rates,Brazil,2008-04-01,11.25,Harian,Poin
Policy Interest Rates,Brazil,2008-04-02,11.25,Harian,Poin
Policy Interest Rates,Brazil,2008-04-03,11.25,Harian,Poin
Policy Interest Rates,Brazil,2008-04-04,11.25,Harian,Poin
Policy Interest Rates,Brazil,2008-04-07,11.25,Harian,Poin
Policy Interest Rates,Brazil,2008-04-08,11.25,Harian,Poin
Policy Interest Rates,Brazil,2008-04-09,11.25,Harian,Poin
Policy Interest Rates,Brazil,2008-04-10,11.25,Harian,Poin
Policy Interest Rates,Brazil,2008-04-11,11.25,Harian,Poin
Policy Interest Rates,Brazil,2008-04-14,11.25,Harian,Poin
Policy Interest Rates,Brazil,2008-04-15,11.25,Harian,Poin
Policy Interest Rates,Brazil,2008-04-16,11.25,Harian,Poin
Policy Interest Rates,Brazil,2008-04-17,11.75,Harian,Poin
Policy Interest Rates,Brazil,2008-04-18,11.75,Harian,Poin
Policy Interest Rates,Brazil,2008-04-22,11.75,Harian,Poin
Policy Interest Rates,Brazil,2008-04-23,11.75,Harian,Poin
Policy Interest Rates,Brazil,2008-04-24,11.75,Harian,Poin
Policy Interest Rates,Brazil,2008-04-25,11.75,Harian,Poin
Policy Interest Rates,Brazil,2008-04-28,11.75,Harian,Poin
Policy Interest Rates,Brazil,2008-04-29,11.75,Harian,Poin
Policy Interest Rates,Brazil,2008-04-30,11.75,Harian,Poin
Policy Interest Rates,Brazil,2008-05-02,11.75,Harian,Poin
Policy Interest Rates,Brazil,2008-05-05,11.75,Harian,Poin
Policy Interest Rates,Brazil,2008-05-06,11.75,Harian,Poin
Policy Interest Rates,Brazil,2008-05-07,11.75,Harian,Poin
Policy Interest Rates,Brazil,2008-05-08,11.75,Harian,Poin
Policy Interest Rates,Brazil,2008-05-09,11.75,Harian,Poin
Policy Interest Rates,Brazil,2008-05-12,11.75,Harian,Poin
Policy Interest Rates,Brazil,2008-05-13,11.75,Harian,Poin
Policy Interest Rates,Brazil,2008-05-14,11.75,Harian,Poin
Policy Interest Rates,Brazil,2008-05-15,11.75,Harian,Poin
Policy Interest Rates,Brazil,2008-05-16,11.75,Harian,Poin
Policy Interest Rates,Brazil,2008-05-19,11.75,Harian,Poin
Policy Interest Rates,Brazil,2008-05-20,11.75,Harian,Poin
Policy Interest Rates,Brazil,2008-05-21,11.75,Harian,Poin
Policy Interest Rates,Brazil,2008-05-23,11.75,Harian,Poin
Policy Interest Rates,Brazil,2008-05-26,11.75,Harian,Poin
Policy Interest Rates,Brazil,2008-05-27,11.75,Harian,Poin
Policy Interest Rates,Brazil,2008-05-28,11.75,Harian,Poin
Policy Interest Rates,Brazil,2008-05-29,11.75,Harian,Poin
Policy Interest Rates,Brazil,2008-05-30,11.75,Harian,Poin
Policy Interest Rates,Brazil,2008-06-02,11.75,Harian,Poin
Policy Interest Rates,Brazil,2008-06-03,11.75,Harian,Poin
Policy Interest Rates,Brazil,2008-06-04,11.75,Harian,Poin
Policy Interest Rates,Brazil,2008-06-05,12.25,Harian,Poin
Policy Interest Rates,Brazil,2008-06-06,12.25,Harian,Poin
Policy Interest Rates,Brazil,2008-06-09,12.25,Harian,Poin
Policy Interest Rates,Brazil,2008-06-10,12.25,Harian,Poin
Policy Interest Rates,Brazil,2008-06-11,12.25,Harian,Poin
Policy Interest Rates,Brazil,2008-06-12,12.25,Harian,Poin
Policy Interest Rates,Brazil,2008-06-13,12.25,Harian,Poin
Policy Interest Rates,Brazil,2008-06-16,12.25,Harian,Poin
Policy Interest Rates,Brazil,2008-06-17,12.25,Harian,Poin
Policy Interest Rates,Brazil,2008-06-18,12.25,Harian,Poin
Policy Interest Rates,Brazil,2008-06-19,12.25,Harian,Poin
Policy Interest Rates,Brazil,2008-06-20,12.25,Harian,Poin
Policy Interest Rates,Brazil,2008-06-23,12.25,Harian,Poin
Policy Interest Rates,Brazil,2008-06-24,12.25,Harian,Poin
Policy Interest Rates,Brazil,2008-06-25,12.25,Harian,Poin
Policy Interest Rates,Brazil,2008-06-26,12.25,Harian,Poin
Policy Interest Rates,Brazil,2008-06-27,12.25,Harian,Poin
Policy Interest Rates,Brazil,2008-06-30,12.25,Harian,Poin
Policy Interest Rates,Brazil,2008-07-01,12.25,Harian,Poin
Policy Interest Rates,Brazil,2008-07-02,12.25,Harian,Poin
Policy Interest Rates,Brazil,2008-07-03,12.25,Harian,Poin
Policy Interest Rates,Brazil,2008-07-04,12.25,Harian,Poin
Policy Interest Rates,Brazil,2008-07-07,12.25,Harian,Poin
Policy Interest Rates,Brazil,2008-07-08,12.25,Harian,Poin
Policy Interest Rates,Brazil,2008-07-09,12.25,Harian,Poin
Policy Interest Rates,Brazil,2008-07-10,12.25,Harian,Poin
Policy Interest Rates,Brazil,2008-07-11,12.25,Harian,Poin
Policy Interest Rates,Brazil,2008-07-14,12.25,Harian,Poin
Policy Interest Rates,Brazil,2008-07-15,12.25,Harian,Poin
Policy Interest Rates,Brazil,2008-07-16,12.25,Harian,Poin
Policy Interest Rates,Brazil,2008-07-17,12.25,Harian,Poin
Policy Interest Rates,Brazil,2008-07-18,12.25,Harian,Poin
Policy Interest Rates,Brazil,2008-07-21,12.25,Harian,Poin
Policy Interest Rates,Brazil,2008-07-22,12.25,Harian,Poin
Policy Interest Rates,Brazil,2008-07-23,12.25,Harian,Poin
Policy Interest Rates,Brazil,2008-07-24,13,Harian,Poin
Policy Interest Rates,Brazil,2008-07-25,13,Harian,Poin
Policy Interest Rates,Brazil,2008-07-28,13,Harian,Poin
Policy Interest Rates,Brazil,2008-07-29,13,Harian,Poin
Policy Interest Rates,Brazil,2008-07-30,13,Harian,Poin
Policy Interest Rates,Brazil,2008-07-31,13,Harian,Poin
Policy Interest Rates,Brazil,2008-08-01,13,Harian,Poin
Policy Interest Rates,Brazil,2008-08-04,13,Harian,Poin
Policy Interest Rates,Brazil,2008-08-05,13,Harian,Poin
Policy Interest Rates,Brazil,2008-08-06,13,Harian,Poin
Policy Interest Rates,Brazil,2008-08-07,13,Harian,Poin
Policy Interest Rates,Brazil,2008-08-08,13,Harian,Poin
Policy Interest Rates,Brazil,2008-08-11,13,Harian,Poin
Policy Interest Rates,Brazil,2008-08-12,13,Harian,Poin
Policy Interest Rates,Brazil,2008-08-13,13,Harian,Poin
Policy Interest Rates,Brazil,2008-08-14,13,Harian,Poin
Policy Interest Rates,Brazil,2008-08-15,13,Harian,Poin
Policy Interest Rates,Brazil,2008-08-18,13,Harian,Poin
Policy Interest Rates,Brazil,2008-08-19,13,Harian,Poin
Policy Interest Rates,Brazil,2008-08-20,13,Harian,Poin
Policy Interest Rates,Brazil,2008-08-21,13,Harian,Poin
Policy Interest Rates,Brazil,2008-08-22,13,Harian,Poin
Policy Interest Rates,Brazil,2008-08-25,13,Harian,Poin
Policy Interest Rates,Brazil,2008-08-26,13,Harian,Poin
Policy Interest Rates,Brazil,2008-08-27,13,Harian,Poin
Policy Interest Rates,Brazil,2008-08-28,13,Harian,Poin
Policy Interest Rates,Brazil,2008-08-29,13,Harian,Poin
Policy Interest Rates,Brazil,2008-09-01,13,Harian,Poin
Policy Interest Rates,Brazil,2008-09-02,13,Harian,Poin
Policy Interest Rates,Brazil,2008-09-03,13,Harian,Poin
Policy Interest Rates,Brazil,2008-09-04,13,Harian,Poin
Policy Interest Rates,Brazil,2008-09-05,13,Harian,Poin
Policy Interest Rates,Brazil,2008-09-08,13,Harian,Poin
Policy Interest Rates,Brazil,2008-09-09,13,Harian,Poin
Policy Interest Rates,Brazil,2008-09-10,13.75,Harian,Poin
Policy Interest Rates,Brazil,2008-09-11,13.75,Harian,Poin
Policy Interest Rates,Brazil,2008-09-12,13.75,Harian,Poin
Policy Interest Rates,Brazil,2008-09-15,13.75,Harian,Poin
Policy Interest Rates,Brazil,2008-09-16,13.75,Harian,Poin
Policy Interest Rates,Brazil,2008-09-17,13.75,Harian,Poin
Policy Interest Rates,Brazil,2008-09-18,13.75,Harian,Poin
Policy Interest Rates,Brazil,2008-09-19,13.75,Harian,Poin
Policy Interest Rates,Brazil,2008-09-22,13.75,Harian,Poin
Policy Interest Rates,Brazil,2008-09-23,13.75,Harian,Poin
Policy Interest Rates,Brazil,2008-09-24,13.75,Harian,Poin
Policy Interest Rates,Brazil,2008-09-25,13.75,Harian,Poin
Policy Interest Rates,Brazil,2008-09-26,13.75,Harian,Poin
Policy Interest Rates,Brazil,2008-09-29,13.75,Harian,Poin
Policy Interest Rates,Brazil,2008-09-30,13.75,Harian,Poin
Policy Interest Rates,Brazil,2008-10-01,13.75,Harian,Poin
Policy Interest Rates,Brazil,2008-10-02,13.75,Harian,Poin
Policy Interest Rates,Brazil,2008-10-03,13.75,Harian,Poin
Policy Interest Rates,Brazil,2008-10-06,13.75,Harian,Poin
Policy Interest Rates,Brazil,2008-10-07,13.75,Harian,Poin
Policy Interest Rates,Brazil,2008-10-08,13.75,Harian,Poin
Policy Interest Rates,Brazil,2008-10-09,13.75,Harian,Poin
Policy Interest Rates,Brazil,2008-10-10,13.75,Harian,Poin
Policy Interest Rates,Brazil,2008-10-13,13.75,Harian,Poin
Policy Interest Rates,Brazil,2008-10-14,13.75,Harian,Poin
Policy Interest Rates,Brazil,2008-10-15,13.75,Harian,Poin
Policy Interest Rates,Brazil,2008-10-16,13.75,Harian,Poin
Policy Interest Rates,Brazil,2008-10-17,13.75,Harian,Poin
Policy Interest Rates,Brazil,2008-10-20,13.75,Harian,Poin
Policy Interest Rates,Brazil,2008-10-21,13.75,Harian,Poin
Policy Interest Rates,Brazil,2008-10-22,13.75,Harian,Poin
Policy Interest Rates,Brazil,2008-10-23,13.75,Harian,Poin
Policy Interest Rates,Brazil,2008-10-24,13.75,Harian,Poin
Policy Interest Rates,Brazil,2008-10-27,13.75,Harian,Poin
Policy Interest Rates,Brazil,2008-10-28,13.75,Harian,Poin
Policy Interest Rates,Brazil,2008-10-29,13.75,Harian,Poin
Policy Interest Rates,Brazil,2008-10-30,13.75,Harian,Poin
Policy Interest Rates,Brazil,2008-10-31,13.75,Harian,Poin
Policy Interest Rates,Brazil,2008-11-03,13.75,Harian,Poin
Policy Interest Rates,Brazil,2008-11-04,13.75,Harian,Poin
Policy Interest Rates,Brazil,2008-11-05,13.75,Harian,Poin
Policy Interest Rates,Brazil,2008-11-06,13.75,Harian,Poin
Policy Interest Rates,Brazil,2008-11-07,13.75,Harian,Poin
Policy Interest Rates,Brazil,2008-11-10,13.75,Harian,Poin
Policy Interest Rates,Brazil,2008-11-11,13.75,Harian,Poin
Policy Interest Rates,Brazil,2008-11-12,13.75,Harian,Poin
Policy Interest Rates,Brazil,2008-11-13,13.75,Harian,Poin
Policy Interest Rates,Brazil,2008-11-14,13.75,Harian,Poin
Policy Interest Rates,Brazil,2008-11-17,13.75,Harian,Poin
Policy Interest Rates,Brazil,2008-11-18,13.75,Harian,Poin
Policy Interest Rates,Brazil,2008-11-19,13.75,Harian,Poin
Policy Interest Rates,Brazil,2008-11-20,13.75,Harian,Poin
Policy Interest Rates,Brazil,2008-11-21,13.75,Harian,Poin
Policy Interest Rates,Brazil,2008-11-24,13.75,Harian,Poin
Policy Interest Rates,Brazil,2008-11-25,13.75,Harian,Poin
Policy Interest Rates,Brazil,2008-11-26,13.75,Harian,Poin
Policy Interest Rates,Brazil,2008-11-27,13.75,Harian,Poin
Policy Interest Rates,Brazil,2008-11-28,13.75,Harian,Poin
Policy Interest Rates,Brazil,2008-12-01,13.75,Harian,Poin
Policy Interest Rates,Brazil,2008-12-02,13.75,Harian,Poin
Policy Interest Rates,Brazil,2008-12-03,13.75,Harian,Poin
Policy Interest Rates,Brazil,2008-12-04,13.75,Harian,Poin
Policy Interest Rates,Brazil,2008-12-05,13.75,Harian,Poin
Policy Interest Rates,Brazil,2008-12-08,13.75,Harian,Poin
Policy Interest Rates,Brazil,2008-12-09,13.75,Harian,Poin
Policy Interest Rates,Brazil,2008-12-10,13.75,Harian,Poin
Policy Interest Rates,Brazil,2008-12-11,13.75,Harian,Poin
Policy Interest Rates,Brazil,2008-12-12,13.75,Harian,Poin
Policy Interest Rates,Brazil,2008-12-15,13.75,Harian,Poin
Policy Interest Rates,Brazil,2008-12-16,13.75,Harian,Poin
Policy Interest Rates,Brazil,2008-12-17,13.75,Harian,Poin
Policy Interest Rates,Brazil,2008-12-18,13.75,Harian,Poin
Policy Interest Rates,Brazil,2008-12-19,13.75,Harian,Poin
Policy Interest Rates,Brazil,2008-12-22,13.75,Harian,Poin
Policy Interest Rates,Brazil,2008-12-23,13.75,Harian,Poin
Policy Interest Rates,Brazil,2008-12-24,13.75,Harian,Poin
Policy Interest Rates,Brazil,2008-12-26,13.75,Harian,Poin
Policy Interest Rates,Brazil,2008-12-29,13.75,Harian,Poin
Policy Interest Rates,Brazil,2008-12-30,13.75,Harian,Poin
Policy Interest Rates,Brazil,2008-12-31,13.75,Harian,Poin
Policy Interest Rates,Brazil,2009-01-02,13.75,Harian,Poin
Policy Interest Rates,Brazil,2009-01-05,13.75,Harian,Poin
Policy Interest Rates,Brazil,2009-01-06,13.75,Harian,Poin
Policy Interest Rates,Brazil,2009-01-07,13.75,Harian,Poin
Policy Interest Rates,Brazil,2009-01-08,13.75,Harian,Poin
Policy Interest Rates,Brazil,2009-01-09,13.75,Harian,Poin
Policy Interest Rates,Brazil,2009-01-12,13.75,Harian,Poin
Policy Interest Rates,Brazil,2009-01-13,13.75,Harian,Poin
Policy Interest Rates,Brazil,2009-01-14,13.75,Harian,Poin
Policy Interest Rates,Brazil,2009-01-15,13.75,Harian,Poin
Policy Interest Rates,Brazil,2009-01-16,13.75,Harian,Poin
Policy Interest Rates,Brazil,2009-01-19,13.75,Harian,Poin
Policy Interest Rates,Brazil,2009-01-20,13.75,Harian,Poin
Policy Interest Rates,Brazil,2009-01-21,12.75,Harian,Poin
Policy Interest Rates,Brazil,2009-01-22,12.75,Harian,Poin
Policy Interest Rates,Brazil,2009-01-23,12.75,Harian,Poin
Policy Interest Rates,Brazil,2009-01-26,12.75,Harian,Poin
Policy Interest Rates,Brazil,2009-01-27,12.75,Harian,Poin
Policy Interest Rates,Brazil,2009-01-28,12.75,Harian,Poin
Policy Interest Rates,Brazil,2009-01-29,12.75,Harian,Poin
Policy Interest Rates,Brazil,2009-01-30,12.75,Harian,Poin
Policy Interest Rates,Brazil,2009-02-02,12.75,Harian,Poin
Policy Interest Rates,Brazil,2009-02-03,12.75,Harian,Poin
Policy Interest Rates,Brazil,2009-02-04,12.75,Harian,Poin
Policy Interest Rates,Brazil,2009-02-05,12.75,Harian,Poin
Policy Interest Rates,Brazil,2009-02-06,12.75,Harian,Poin
Policy Interest Rates,Brazil,2009-02-09,12.75,Harian,Poin
Policy Interest Rates,Brazil,2009-02-10,12.75,Harian,Poin
Policy Interest Rates,Brazil,2009-02-11,12.75,Harian,Poin
Policy Interest Rates,Brazil,2009-02-12,12.75,Harian,Poin
Policy Interest Rates,Brazil,2009-02-13,12.75,Harian,Poin
Policy Interest Rates,Brazil,2009-02-16,12.75,Harian,Poin
Policy Interest Rates,Brazil,2009-02-17,12.75,Harian,Poin
Policy Interest Rates,Brazil,2009-02-18,12.75,Harian,Poin
Policy Interest Rates,Brazil,2009-02-19,12.75,Harian,Poin
Policy Interest Rates,Brazil,2009-02-20,12.75,Harian,Poin
Policy Interest Rates,Brazil,2009-02-25,12.75,Harian,Poin
Policy Interest Rates,Brazil,2009-02-26,12.75,Harian,Poin
Policy Interest Rates,Brazil,2009-02-27,12.75,Harian,Poin
Policy Interest Rates,Brazil,2009-03-02,12.75,Harian,Poin
Policy Interest Rates,Brazil,2009-03-03,12.75,Harian,Poin
Policy Interest Rates,Brazil,2009-03-04,12.75,Harian,Poin
Policy Interest Rates,Brazil,2009-03-05,12.75,Harian,Poin
Policy Interest Rates,Brazil,2009-03-06,12.75,Harian,Poin
Policy Interest Rates,Brazil,2009-03-09,12.75,Harian,Poin
Policy Interest Rates,Brazil,2009-03-10,12.75,Harian,Poin
Policy Interest Rates,Brazil,2009-03-11,11.25,Harian,Poin
Policy Interest Rates,Brazil,2009-03-12,11.25,Harian,Poin
Policy Interest Rates,Brazil,2009-03-13,11.25,Harian,Poin
Policy Interest Rates,Brazil,2009-03-16,11.25,Harian,Poin
Policy Interest Rates,Brazil,2009-03-17,11.25,Harian,Poin
Policy Interest Rates,Brazil,2009-03-18,11.25,Harian,Poin
Policy Interest Rates,Brazil,2009-03-19,11.25,Harian,Poin
Policy Interest Rates,Brazil,2009-03-20,11.25,Harian,Poin
Policy Interest Rates,Brazil,2009-03-23,11.25,Harian,Poin
Policy Interest Rates,Brazil,2009-03-24,11.25,Harian,Poin
Policy Interest Rates,Brazil,2009-03-25,11.25,Harian,Poin
Policy Interest Rates,Brazil,2009-03-26,11.25,Harian,Poin
Policy Interest Rates,Brazil,2009-03-27,11.25,Harian,Poin
Policy Interest Rates,Brazil,2009-03-30,11.25,Harian,Poin
Policy Interest Rates,Brazil,2009-03-31,11.25,Harian,Poin
Policy Interest Rates,Brazil,2009-04-01,11.25,Harian,Poin
Policy Interest Rates,Brazil,2009-04-02,11.25,Harian,Poin
Policy Interest Rates,Brazil,2009-04-03,11.25,Harian,Poin
Policy Interest Rates,Brazil,2009-04-06,11.25,Harian,Poin
Policy Interest Rates,Brazil,2009-04-07,11.25,Harian,Poin
Policy Interest Rates,Brazil,2009-04-08,11.25,Harian,Poin
Policy Interest Rates,Brazil,2009-04-09,11.25,Harian,Poin
Policy Interest Rates,Brazil,2009-04-13,11.25,Harian,Poin
Policy Interest Rates,Brazil,2009-04-14,11.25,Harian,Poin
Policy Interest Rates,Brazil,2009-04-15,11.25,Harian,Poin
Policy Interest Rates,Brazil,2009-04-16,11.25,Harian,Poin
Policy Interest Rates,Brazil,2009-04-17,11.25,Harian,Poin
Policy Interest Rates,Brazil,2009-04-20,11.25,Harian,Poin
Policy Interest Rates,Brazil,2009-04-22,11.25,Harian,Poin
Policy Interest Rates,Brazil,2009-04-23,11.25,Harian,Poin
Policy Interest Rates,Brazil,2009-04-24,11.25,Harian,Poin
Policy Interest Rates,Brazil,2009-04-27,11.25,Harian,Poin
Policy Interest Rates,Brazil,2009-04-28,11.25,Harian,Poin
Policy Interest Rates,Brazil,2009-04-29,10.25,Harian,Poin
Policy Interest Rates,Brazil,2009-04-30,10.25,Harian,Poin
Policy Interest Rates,Brazil,2009-05-04,10.25,Harian,Poin
Policy Interest Rates,Brazil,2009-05-05,10.25,Harian,Poin
Policy Interest Rates,Brazil,2009-05-06,10.25,Harian,Poin
Policy Interest Rates,Brazil,2009-05-07,10.25,Harian,Poin
Policy Interest Rates,Brazil,2009-05-08,10.25,Harian,Poin
Policy Interest Rates,Brazil,2009-05-11,10.25,Harian,Poin
Policy Interest Rates,Brazil,2009-05-12,10.25,Harian,Poin
Policy Interest Rates,Brazil,2009-05-13,10.25,Harian,Poin
Policy Interest Rates,Brazil,2009-05-14,10.25,Harian,Poin
Policy Interest Rates,Brazil,2009-05-15,10.25,Harian,Poin
Policy Interest Rates,Brazil,2009-05-18,10.25,Harian,Poin
Policy Interest Rates,Brazil,2009-05-19,10.25,Harian,Poin
Policy Interest Rates,Brazil,2009-05-20,10.25,Harian,Poin
Policy Interest Rates,Brazil,2009-05-21,10.25,Harian,Poin
Policy Interest Rates,Brazil,2009-05-22,10.25,Harian,Poin
Policy Interest Rates,Brazil,2009-05-25,10.25,Harian,Poin
Policy Interest Rates,Brazil,2009-05-26,10.25,Harian,Poin
Policy Interest Rates,Brazil,2009-05-27,10.25,Harian,Poin
Policy Interest Rates,Brazil,2009-05-28,10.25,Harian,Poin
Policy Interest Rates,Brazil,2009-05-29,10.25,Harian,Poin
Policy Interest Rates,Brazil,2009-06-01,10.25,Harian,Poin
Policy Interest Rates,Brazil,2009-06-02,10.25,Harian,Poin
Policy Interest Rates,Brazil,2009-06-03,10.25,Harian,Poin
Policy Interest Rates,Brazil,2009-06-04,10.25,Harian,Poin
Policy Interest Rates,Brazil,2009-06-05,10.25,Harian,Poin
Policy Interest Rates,Brazil,2009-06-08,10.25,Harian,Poin
Policy Interest Rates,Brazil,2009-06-09,10.25,Harian,Poin
Policy Interest Rates,Brazil,2009-06-10,9.25,Harian,Poin
Policy Interest Rates,Brazil,2009-06-11,9.25,Harian,Poin
Policy Interest Rates,Brazil,2009-06-12,9.25,Harian,Poin
Policy Interest Rates,Brazil,2009-06-15,9.25,Harian,Poin
Policy Interest Rates,Brazil,2009-06-16,9.25,Harian,Poin
Policy Interest Rates,Brazil,2009-06-17,9.25,Harian,Poin
Policy Interest Rates,Brazil,2009-06-18,9.25,Harian,Poin
Policy Interest Rates,Brazil,2009-06-22,9.25,Harian,Poin
Policy Interest Rates,Brazil,2009-06-23,9.25,Harian,Poin
Policy Interest Rates,Brazil,2009-06-24,9.25,Harian,Poin
Policy Interest Rates,Brazil,2009-06-25,9.25,Harian,Poin
Policy Interest Rates,Brazil,2009-06-26,9.25,Harian,Poin
Policy Interest Rates,Brazil,2009-06-29,9.25,Harian,Poin
Policy Interest Rates,Brazil,2009-06-30,9.25,Harian,Poin
Policy Interest Rates,Brazil,2009-07-01,9.25,Harian,Poin
Policy Interest Rates,Brazil,2009-07-02,9.25,Harian,Poin
Policy Interest Rates,Brazil,2009-07-03,9.25,Harian,Poin
Policy Interest Rates,Brazil,2009-07-06,9.25,Harian,Poin
Policy Interest Rates,Brazil,2009-07-07,9.25,Harian,Poin
Policy Interest Rates,Brazil,2009-07-08,9.25,Harian,Poin
Policy Interest Rates,Brazil,2009-07-09,9.25,Harian,Poin
Policy Interest Rates,Brazil,2009-07-10,9.25,Harian,Poin
Policy Interest Rates,Brazil,2009-07-13,9.25,Harian,Poin
Policy Interest Rates,Brazil,2009-07-14,9.25,Harian,Poin
Policy Interest Rates,Brazil,2009-07-15,9.25,Harian,Poin
Policy Interest Rates,Brazil,2009-07-16,9.25,Harian,Poin
Policy Interest Rates,Brazil,2009-07-17,9.25,Harian,Poin
Policy Interest Rates,Brazil,2009-07-20,9.25,Harian,Poin
Policy Interest Rates,Brazil,2009-07-21,9.25,Harian,Poin
Policy Interest Rates,Brazil,2009-07-22,8.75,Harian,Poin
Policy Interest Rates,Brazil,2009-07-24,8.75,Harian,Poin
Policy Interest Rates,Brazil,2009-07-27,8.75,Harian,Poin
Policy Interest Rates,Brazil,2009-07-28,8.75,Harian,Poin
Policy Interest Rates,Brazil,2009-07-29,8.75,Harian,Poin
Policy Interest Rates,Brazil,2009-07-30,8.75,Harian,Poin
Policy Interest Rates,Brazil,2009-07-31,8.75,Harian,Poin
Policy Interest Rates,Brazil,2009-08-03,8.75,Harian,Poin
Policy Interest Rates,Brazil,2009-08-04,8.75,Harian,Poin
Policy Interest Rates,Brazil,2009-08-05,8.75,Harian,Poin
Policy Interest Rates,Brazil,2009-08-06,8.75,Harian,Poin
Policy Interest Rates,Brazil,2009-08-07,8.75,Harian,Poin
Policy Interest Rates,Brazil,2009-08-10,8.75,Harian,Poin
Policy Interest Rates,Brazil,2009-08-11,8.75,Harian,Poin
Policy Interest Rates,Brazil,2009-08-12,8.75,Harian,Poin
Policy Interest Rates,Brazil,2009-08-13,8.75,Harian,Poin
Policy Interest Rates,Brazil,2009-08-14,8.75,Harian,Poin
Policy Interest Rates,Brazil,2009-08-17,8.75,Harian,Poin
Policy Interest Rates,Brazil,2009-08-18,8.75,Harian,Poin
Policy Interest Rates,Brazil,2009-08-19,8.75,Harian,Poin
Policy Interest Rates,Brazil,2009-08-20,8.75,Harian,Poin
Policy Interest Rates,Brazil,2009-08-21,8.75,Harian,Poin
Policy Interest Rates,Brazil,2009-08-24,8.75,Harian,Poin
Policy Interest Rates,Brazil,2009-08-25,8.75,Harian,Poin
Policy Interest Rates,Brazil,2009-08-26,8.75,Harian,Poin
Policy Interest Rates,Brazil,2009-08-27,8.75,Harian,Poin
Policy Interest Rates,Brazil,2009-08-28,8.75,Harian,Poin
Policy Interest Rates,Brazil,2009-08-31,8.75,Harian,Poin
Policy Interest Rates,Brazil,2009-09-01,8.75,Harian,Poin
Policy Interest Rates,Brazil,2009-09-02,8.75,Harian,Poin
Policy Interest Rates,Brazil,2009-09-03,8.75,Harian,Poin
Policy Interest Rates,Brazil,2009-09-04,8.75,Harian,Poin
Policy Interest Rates,Brazil,2009-09-07,8.75,Harian,Poin
Policy Interest Rates,Brazil,2009-09-09,8.75,Harian,Poin
Policy Interest Rates,Brazil,2009-09-10,8.75,Harian,Poin
Policy Interest Rates,Brazil,2009-09-11,8.75,Harian,Poin
Policy Interest Rates,Brazil,2009-09-14,8.75,Harian,Poin
Policy Interest Rates,Brazil,2009-09-15,8.75,Harian,Poin
Policy Interest Rates,Brazil,2009-09-16,8.75,Harian,Poin
Policy Interest Rates,Brazil,2009-09-17,8.75,Harian,Poin
Policy Interest Rates,Brazil,2009-09-18,8.75,Harian,Poin
Policy Interest Rates,Brazil,2009-09-21,8.75,Harian,Poin
Policy Interest Rates,Brazil,2009-09-22,8.75,Harian,Poin
Policy Interest Rates,Brazil,2009-09-23,8.75,Harian,Poin
Policy Interest Rates,Brazil,2009-09-24,8.75,Harian,Poin
Policy Interest Rates,Brazil,2009-09-25,8.75,Harian,Poin
Policy Interest Rates,Brazil,2009-09-28,8.75,Harian,Poin
Policy Interest Rates,Brazil,2009-09-29,8.75,Harian,Poin
Policy Interest Rates,Brazil,2009-09-30,8.75,Harian,Poin
Policy Interest Rates,Brazil,2009-10-01,8.75,Harian,Poin
Policy Interest Rates,Brazil,2009-10-02,8.75,Harian,Poin
Policy Interest Rates,Brazil,2009-10-05,8.75,Harian,Poin
Policy Interest Rates,Brazil,2009-10-06,8.75,Harian,Poin
Policy Interest Rates,Brazil,2009-10-07,8.75,Harian,Poin
Policy Interest Rates,Brazil,2009-10-08,8.75,Harian,Poin
Policy Interest Rates,Brazil,2009-10-09,8.75,Harian,Poin
Policy Interest Rates,Brazil,2009-10-12,8.75,Harian,Poin
Policy Interest Rates,Brazil,2009-10-13,8.75,Harian,Poin
Policy Interest Rates,Brazil,2009-10-14,8.75,Harian,Poin
Policy Interest Rates,Brazil,2009-10-15,8.75,Harian,Poin
Policy Interest Rates,Brazil,2009-10-16,8.75,Harian,Poin
Policy Interest Rates,Brazil,2009-10-19,8.75,Harian,Poin
Policy Interest Rates,Brazil,2009-10-20,8.75,Harian,Poin
Policy Interest Rates,Brazil,2009-10-21,8.75,Harian,Poin
Policy Interest Rates,Brazil,2009-10-22,8.75,Harian,Poin
Policy Interest Rates,Brazil,2009-10-23,8.75,Harian,Poin
Policy Interest Rates,Brazil,2009-10-26,8.75,Harian,Poin
Policy Interest Rates,Brazil,2009-10-27,8.75,Harian,Poin
Policy Interest Rates,Brazil,2009-10-28,8.75,Harian,Poin
Policy Interest Rates,Brazil,2009-10-29,8.75,Harian,Poin
Policy Interest Rates,Brazil,2009-10-30,8.75,Harian,Poin
Policy Interest Rates,Brazil,2009-11-02,8.75,Harian,Poin
Policy Interest Rates,Brazil,2009-11-03,8.75,Harian,Poin
Policy Interest Rates,Brazil,2009-11-04,8.75,Harian,Poin
Policy Interest Rates,Brazil,2009-11-05,8.75,Harian,Poin
Policy Interest Rates,Brazil,2009-11-06,8.75,Harian,Poin
Policy Interest Rates,Brazil,2009-11-09,8.75,Harian,Poin
Policy Interest Rates,Brazil,2009-11-10,8.75,Harian,Poin
Policy Interest Rates,Brazil,2009-11-11,8.75,Harian,Poin
Policy Interest Rates,Brazil,2009-11-12,8.75,Harian,Poin
Policy Interest Rates,Brazil,2009-11-13,8.75,Harian,Poin
Policy Interest Rates,Brazil,2009-11-16,8.75,Harian,Poin
Policy Interest Rates,Brazil,2009-11-17,8.75,Harian,Poin
Policy Interest Rates,Brazil,2009-11-18,8.75,Harian,Poin
Policy Interest Rates,Brazil,2009-11-19,8.75,Harian,Poin
Policy Interest Rates,Brazil,2009-11-20,8.75,Harian,Poin
Policy Interest Rates,Brazil,2009-11-23,8.75,Harian,Poin
Policy Interest Rates,Brazil,2009-11-24,8.75,Harian,Poin
Policy Interest Rates,Brazil,2009-11-25,8.75,Harian,Poin
Policy Interest Rates,Brazil,2009-11-26,8.75,Harian,Poin
Policy Interest Rates,Brazil,2009-11-27,8.75,Harian,Poin
Policy Interest Rates,Brazil,2009-11-30,8.75,Harian,Poin
Policy Interest Rates,Brazil,2009-12-01,8.75,Harian,Poin
Policy Interest Rates,Brazil,2009-12-02,8.75,Harian,Poin
Policy Interest Rates,Brazil,2009-12-03,8.75,Harian,Poin
Policy Interest Rates,Brazil,2009-12-04,8.75,Harian,Poin
Policy Interest Rates,Brazil,2009-12-07,8.75,Harian,Poin
Policy Interest Rates,Brazil,2009-12-08,8.75,Harian,Poin
Policy Interest Rates,Brazil,2009-12-09,8.75,Harian,Poin
Policy Interest Rates,Brazil,2009-12-10,8.75,Harian,Poin
Policy Interest Rates,Brazil,2009-12-11,8.75,Harian,Poin
Policy Interest Rates,Brazil,2009-12-14,8.75,Harian,Poin
Policy Interest Rates,Brazil,2009-12-15,8.75,Harian,Poin
Policy Interest Rates,Brazil,2009-12-16,8.75,Harian,Poin
Policy Interest Rates,Brazil,2009-12-17,8.75,Harian,Poin
Policy Interest Rates,Brazil,2009-12-18,8.75,Harian,Poin
Policy Interest Rates,Brazil,2009-12-21,8.75,Harian,Poin
Policy Interest Rates,Brazil,2009-12-22,8.75,Harian,Poin
Policy Interest Rates,Brazil,2009-12-23,8.75,Harian,Poin
Policy Interest Rates,Brazil,2009-12-24,8.75,Harian,Poin
Policy Interest Rates,Brazil,2009-12-28,8.75,Harian,Poin
Policy Interest Rates,Brazil,2009-12-29,8.75,Harian,Poin
Policy Interest Rates,Brazil,2009-12-30,8.75,Harian,Poin
Policy Interest Rates,Brazil,2009-12-31,8.75,Harian,Poin
Policy Interest Rates,Brazil,2010-01-04,8.75,Harian,Poin
Policy Interest Rates,Brazil,2010-01-05,8.75,Harian,Poin
Policy Interest Rates,Brazil,2010-01-06,8.75,Harian,Poin
Policy Interest Rates,Brazil,2010-01-07,8.75,Harian,Poin
Policy Interest Rates,Brazil,2010-01-08,8.75,Harian,Poin
Policy Interest Rates,Brazil,2010-01-11,8.75,Harian,Poin
Policy Interest Rates,Brazil,2010-01-12,8.75,Harian,Poin
Policy Interest Rates,Brazil,2010-01-13,8.75,Harian,Poin
Policy Interest Rates,Brazil,2010-01-14,8.75,Harian,Poin
Policy Interest Rates,Brazil,2010-01-15,8.75,Harian,Poin
Policy Interest Rates,Brazil,2010-01-18,8.75,Harian,Poin
Policy Interest Rates,Brazil,2010-01-19,8.75,Harian,Poin
Policy Interest Rates,Brazil,2010-01-20,8.75,Harian,Poin
Policy Interest Rates,Brazil,2010-01-21,8.75,Harian,Poin
Policy Interest Rates,Brazil,2010-01-22,8.75,Harian,Poin
Policy Interest Rates,Brazil,2010-01-25,8.75,Harian,Poin
Policy Interest Rates,Brazil,2010-01-26,8.75,Harian,Poin
Policy Interest Rates,Brazil,2010-01-27,8.75,Harian,Poin
Policy Interest Rates,Brazil,2010-01-28,8.75,Harian,Poin
Policy Interest Rates,Brazil,2010-01-29,8.75,Harian,Poin
Policy Interest Rates,Brazil,2010-02-01,8.75,Harian,Poin
Policy Interest Rates,Brazil,2010-02-02,8.75,Harian,Poin
Policy Interest Rates,Brazil,2010-02-03,8.75,Harian,Poin
Policy Interest Rates,Brazil,2010-02-04,8.75,Harian,Poin
Policy Interest Rates,Brazil,2010-02-05,8.75,Harian,Poin
Policy Interest Rates,Brazil,2010-02-08,8.75,Harian,Poin
Policy Interest Rates,Brazil,2010-02-09,8.75,Harian,Poin
Policy Interest Rates,Brazil,2010-02-10,8.75,Harian,Poin
Policy Interest Rates,Brazil,2010-02-11,8.75,Harian,Poin
Policy Interest Rates,Brazil,2010-02-12,8.75,Harian,Poin
Policy Interest Rates,Brazil,2010-02-15,8.75,Harian,Poin
Policy Interest Rates,Brazil,2010-02-16,8.75,Harian,Poin
Policy Interest Rates,Brazil,2010-02-17,8.75,Harian,Poin
Policy Interest Rates,Brazil,2010-02-18,8.75,Harian,Poin
Policy Interest Rates,Brazil,2010-02-19,8.75,Harian,Poin
Policy Interest Rates,Brazil,2010-02-22,8.75,Harian,Poin
Policy Interest Rates,Brazil,2010-02-23,8.75,Harian,Poin
Policy Interest Rates,Brazil,2010-02-24,8.75,Harian,Poin
Policy Interest Rates,Brazil,2010-02-25,8.75,Harian,Poin
Policy Interest Rates,Brazil,2010-02-26,8.75,Harian,Poin
Policy Interest Rates,Brazil,2010-03-01,8.75,Harian,Poin
Policy Interest Rates,Brazil,2010-03-02,8.75,Harian,Poin
Policy Interest Rates,Brazil,2010-03-03,8.75,Harian,Poin
Policy Interest Rates,Brazil,2010-03-04,8.75,Harian,Poin
Policy Interest Rates,Brazil,2010-03-05,8.75,Harian,Poin
Policy Interest Rates,Brazil,2010-03-08,8.75,Harian,Poin
Policy Interest Rates,Brazil,2010-03-09,8.75,Harian,Poin
Policy Interest Rates,Brazil,2010-03-10,8.75,Harian,Poin
Policy Interest Rates,Brazil,2010-03-11,8.75,Harian,Poin
Policy Interest Rates,Brazil,2010-03-12,8.75,Harian,Poin
Policy Interest Rates,Brazil,2010-03-15,8.75,Harian,Poin
Policy Interest Rates,Brazil,2010-03-16,8.75,Harian,Poin
Policy Interest Rates,Brazil,2010-03-17,8.75,Harian,Poin
Policy Interest Rates,Brazil,2010-03-18,8.75,Harian,Poin
Policy Interest Rates,Brazil,2010-03-19,8.75,Harian,Poin
Policy Interest Rates,Brazil,2010-03-22,8.75,Harian,Poin
Policy Interest Rates,Brazil,2010-03-23,8.75,Harian,Poin
Policy Interest Rates,Brazil,2010-03-24,8.75,Harian,Poin
Policy Interest Rates,Brazil,2010-03-25,8.75,Harian,Poin
Policy Interest Rates,Brazil,2010-03-26,8.75,Harian,Poin
Policy Interest Rates,Brazil,2010-03-29,8.75,Harian,Poin
Policy Interest Rates,Brazil,2010-03-30,8.75,Harian,Poin
Policy Interest Rates,Brazil,2010-03-31,8.75,Harian,Poin
Policy Interest Rates,Brazil,2010-04-01,8.75,Harian,Poin
Policy Interest Rates,Brazil,2010-04-05,8.75,Harian,Poin
Policy Interest Rates,Brazil,2010-04-06,8.75,Harian,Poin
Policy Interest Rates,Brazil,2010-04-07,8.75,Harian,Poin
Policy Interest Rates,Brazil,2010-04-08,8.75,Harian,Poin
Policy Interest Rates,Brazil,2010-04-09,8.75,Harian,Poin
Policy Interest Rates,Brazil,2010-04-12,8.75,Harian,Poin
Policy Interest Rates,Brazil,2010-04-13,8.75,Harian,Poin
Policy Interest Rates,Brazil,2010-04-14,8.75,Harian,Poin
Policy Interest Rates,Brazil,2010-04-15,8.75,Harian,Poin
Policy Interest Rates,Brazil,2010-04-16,8.75,Harian,Poin
Policy Interest Rates,Brazil,2010-04-19,8.75,Harian,Poin
Policy Interest Rates,Brazil,2010-04-20,8.75,Harian,Poin
Policy Interest Rates,Brazil,2010-04-21,8.75,Harian,Poin
Policy Interest Rates,Brazil,2010-04-22,8.75,Harian,Poin
Policy Interest Rates,Brazil,2010-04-23,8.75,Harian,Poin
Policy Interest Rates,Brazil,2010-04-26,8.75,Harian,Poin
Policy Interest Rates,Brazil,2010-04-27,8.75,Harian,Poin
Policy Interest Rates,Brazil,2010-04-28,9.5,Harian,Poin
Policy Interest Rates,Brazil,2010-04-29,9.5,Harian,Poin
Policy Interest Rates,Brazil,2010-04-30,9.5,Harian,Poin
Policy Interest Rates,Brazil,2010-05-03,9.5,Harian,Poin
Policy Interest Rates,Brazil,2010-05-04,9.5,Harian,Poin
Policy Interest Rates,Brazil,2010-05-05,9.5,Harian,Poin
Policy Interest Rates,Brazil,2010-05-06,9.5,Harian,Poin
Policy Interest Rates,Brazil,2010-05-07,9.5,Harian,Poin
Policy Interest Rates,Brazil,2010-05-10,9.5,Harian,Poin
Policy Interest Rates,Brazil,2010-05-11,9.5,Harian,Poin
Policy Interest Rates,Brazil,2010-05-12,9.5,Harian,Poin
Policy Interest Rates,Brazil,2010-05-13,9.5,Harian,Poin
Policy Interest Rates,Brazil,2010-05-17,9.5,Harian,Poin
Policy Interest Rates,Brazil,2010-05-18,9.5,Harian,Poin
Policy Interest Rates,Brazil,2010-05-19,9.5,Harian,Poin
Policy Interest Rates,Brazil,2010-05-20,9.5,Harian,Poin
Policy Interest Rates,Brazil,2010-05-21,9.5,Harian,Poin
Policy Interest Rates,Brazil,2010-05-24,9.5,Harian,Poin
Policy Interest Rates,Brazil,2010-05-25,9.5,Harian,Poin
Policy Interest Rates,Brazil,2010-05-26,9.5,Harian,Poin
Policy Interest Rates,Brazil,2010-05-27,9.5,Harian,Poin
Policy Interest Rates,Brazil,2010-05-28,9.5,Harian,Poin
Policy Interest Rates,Brazil,2010-05-31,9.5,Harian,Poin
Policy Interest Rates,Brazil,2010-06-01,9.5,Harian,Poin
Policy Interest Rates,Brazil,2010-06-02,9.5,Harian,Poin
Policy Interest Rates,Brazil,2010-06-03,9.5,Harian,Poin
Policy Interest Rates,Brazil,2010-06-04,9.5,Harian,Poin
Policy Interest Rates,Brazil,2010-06-07,9.5,Harian,Poin
Policy Interest Rates,Brazil,2010-06-09,10.25,Harian,Poin
Policy Interest Rates,Brazil,2010-06-11,10.25,Harian,Poin
Policy Interest Rates,Brazil,2010-06-14,10.25,Harian,Poin
Policy Interest Rates,Brazil,2010-06-15,10.25,Harian,Poin
Policy Interest Rates,Brazil,2010-06-16,10.25,Harian,Poin
Policy Interest Rates,Brazil,2010-06-17,10.25,Harian,Poin
Policy Interest Rates,Brazil,2010-06-18,10.25,Harian,Poin
Policy Interest Rates,Brazil,2010-06-21,10.25,Harian,Poin
Policy Interest Rates,Brazil,2010-06-22,10.25,Harian,Poin
Policy Interest Rates,Brazil,2010-06-23,10.25,Harian,Poin
Policy Interest Rates,Brazil,2010-06-24,10.25,Harian,Poin
Policy Interest Rates,Brazil,2010-06-25,10.25,Harian,Poin
Policy Interest Rates,Brazil,2010-06-28,10.25,Harian,Poin
Policy Interest Rates,Brazil,2010-06-29,10.25,Harian,Poin
Policy Interest Rates,Brazil,2010-06-30,10.25,Harian,Poin
Policy Interest Rates,Brazil,2010-07-01,10.25,Harian,Poin
Policy Interest Rates,Brazil,2010-07-02,10.25,Harian,Poin
Policy Interest Rates,Brazil,2010-07-05,10.25,Harian,Poin
Policy Interest Rates,Brazil,2010-07-06,10.25,Harian,Poin
Policy Interest Rates,Brazil,2010-07-07,10.25,Harian,Poin
Policy Interest Rates,Brazil,2010-07-08,10.25,Harian,Poin
Policy Interest Rates,Brazil,2010-07-09,10.25,Harian,Poin
Policy Interest Rates,Brazil,2010-07-12,10.25,Harian,Poin
Policy Interest Rates,Brazil,2010-07-13,10.25,Harian,Poin
Policy Interest Rates,Brazil,2010-07-14,10.25,Harian,Poin
Policy Interest Rates,Brazil,2010-07-15,10.25,Harian,Poin
Policy Interest Rates,Brazil,2010-07-16,10.25,Harian,Poin
Policy Interest Rates,Brazil,2010-07-19,10.25,Harian,Poin
Policy Interest Rates,Brazil,2010-07-20,10.25,Harian,Poin
Policy Interest Rates,Brazil,2010-07-21,10.75,Harian,Poin
Policy Interest Rates,Brazil,2010-07-22,10.75,Harian,Poin
Policy Interest Rates,Brazil,2010-07-23,10.75,Harian,Poin
Policy Interest Rates,Brazil,2010-07-26,10.75,Harian,Poin
Policy Interest Rates,Brazil,2010-07-27,10.75,Harian,Poin
Policy Interest Rates,Brazil,2010-07-28,10.75,Harian,Poin
Policy Interest Rates,Brazil,2010-07-29,10.75,Harian,Poin
Policy Interest Rates,Brazil,2010-07-30,10.75,Harian,Poin
Policy Interest Rates,Brazil,2010-08-02,10.75,Harian,Poin
Policy Interest Rates,Brazil,2010-08-03,10.75,Harian,Poin
Policy Interest Rates,Brazil,2010-08-04,10.75,Harian,Poin
Policy Interest Rates,Brazil,2010-08-05,10.75,Harian,Poin
Policy Interest Rates,Brazil,2010-08-06,10.75,Harian,Poin
Policy Interest Rates,Brazil,2010-08-09,10.75,Harian,Poin
Policy Interest Rates,Brazil,2010-08-10,10.75,Harian,Poin
Policy Interest Rates,Brazil,2010-08-11,10.75,Harian,Poin
Policy Interest Rates,Brazil,2010-08-12,10.75,Harian,Poin
Policy Interest Rates,Brazil,2010-08-13,10.75,Harian,Poin
Policy Interest Rates,Brazil,2010-08-16,10.75,Harian,Poin
Policy Interest Rates,Brazil,2010-08-17,10.75,Harian,Poin
Policy Interest Rates,Brazil,2010-08-18,10.75,Harian,Poin
Policy Interest Rates,Brazil,2010-08-19,10.75,Harian,Poin
Policy Interest Rates,Brazil,2010-08-20,10.75,Harian,Poin
Policy Interest Rates,Brazil,2010-08-23,10.75,Harian,Poin
Policy Interest Rates,Brazil,2010-08-24,10.75,Harian,Poin
Policy Interest Rates,Brazil,2010-08-25,10.75,Harian,Poin
Policy Interest Rates,Brazil,2010-08-26,10.75,Harian,Poin
Policy Interest Rates,Brazil,2010-08-27,10.75,Harian,Poin
Policy Interest Rates,Brazil,2010-08-30,10.75,Harian,Poin
Policy Interest Rates,Brazil,2010-08-31,10.75,Harian,Poin
Policy Interest Rates,Brazil,2010-09-01,10.75,Harian,Poin
Policy Interest Rates,Brazil,2010-09-02,10.75,Harian,Poin
Policy Interest Rates,Brazil,2010-09-03,10.75,Harian,Poin
Policy Interest Rates,Brazil,2010-09-06,10.75,Harian,Poin
Policy Interest Rates,Brazil,2010-09-08,10.75,Harian,Poin
Policy Interest Rates,Brazil,2010-09-09,10.75,Harian,Poin
Policy Interest Rates,Brazil,2010-09-10,10.75,Harian,Poin
Policy Interest Rates,Brazil,2010-09-13,10.75,Harian,Poin
Policy Interest Rates,Brazil,2010-09-14,10.75,Harian,Poin
Policy Interest Rates,Brazil,2010-09-15,10.75,Harian,Poin
Policy Interest Rates,Brazil,2010-09-16,10.75,Harian,Poin
Policy Interest Rates,Brazil,2010-09-17,10.75,Harian,Poin
Policy Interest Rates,Brazil,2010-09-20,10.75,Harian,Poin
Policy Interest Rates,Brazil,2010-09-21,10.75,Harian,Poin
Policy Interest Rates,Brazil,2010-09-22,10.75,Harian,Poin
Policy Interest Rates,Brazil,2010-09-23,10.75,Harian,Poin
Policy Interest Rates,Brazil,2010-09-24,10.75,Harian,Poin
Policy Interest Rates,Brazil,2010-09-27,10.75,Harian,Poin
Policy Interest Rates,Brazil,2010-09-28,10.75,Harian,Poin
Policy Interest Rates,Brazil,2010-09-29,10.75,Harian,Poin
Policy Interest Rates,Brazil,2010-09-30,10.75,Harian,Poin
Policy Interest Rates,Brazil,2010-10-01,10.75,Harian,Poin
Policy Interest Rates,Brazil,2010-10-04,10.75,Harian,Poin
Policy Interest Rates,Brazil,2010-10-05,10.75,Harian,Poin
Policy Interest Rates,Brazil,2010-10-06,10.75,Harian,Poin
Policy Interest Rates,Brazil,2010-10-07,10.75,Harian,Poin
Policy Interest Rates,Brazil,2010-10-08,10.75,Harian,Poin
Policy Interest Rates,Brazil,2010-10-11,10.75,Harian,Poin
Policy Interest Rates,Brazil,2010-10-12,10.75,Harian,Poin
Policy Interest Rates,Brazil,2010-10-13,10.75,Harian,Poin
Policy Interest Rates,Brazil,2010-10-14,10.75,Harian,Poin
Policy Interest Rates,Brazil,2010-10-15,10.75,Harian,Poin
Policy Interest Rates,Brazil,2010-10-18,10.75,Harian,Poin
Policy Interest Rates,Brazil,2010-10-19,10.75,Harian,Poin
Policy Interest Rates,Brazil,2010-10-20,10.75,Harian,Poin
Policy Interest Rates,Brazil,2010-10-21,10.75,Harian,Poin
Policy Interest Rates,Brazil,2010-10-22,10.75,Harian,Poin
Policy Interest Rates,Brazil,2010-10-25,10.75,Harian,Poin
Policy Interest Rates,Brazil,2010-10-26,10.75,Harian,Poin
Policy Interest Rates,Brazil,2010-10-27,10.75,Harian,Poin
Policy Interest Rates,Brazil,2010-10-28,10.75,Harian,Poin
Policy Interest Rates,Brazil,2010-10-29,10.75,Harian,Poin
Policy Interest Rates,Brazil,2010-11-01,10.75,Harian,Poin
Policy Interest Rates,Brazil,2010-11-02,10.75,Harian,Poin
Policy Interest Rates,Brazil,2010-11-03,10.75,Harian,Poin
Policy Interest Rates,Brazil,2010-11-04,10.75,Harian,Poin
Policy Interest Rates,Brazil,2010-11-05,10.75,Harian,Poin
Policy Interest Rates,Brazil,2010-11-08,10.75,Harian,Poin
Policy Interest Rates,Brazil,2010-11-09,10.75,Harian,Poin
Policy Interest Rates,Brazil,2010-11-10,10.75,Harian,Poin
Policy Interest Rates,Brazil,2010-11-11,10.75,Harian,Poin
Policy Interest Rates,Brazil,2010-11-12,10.75,Harian,Poin
Policy Interest Rates,Brazil,2010-11-15,10.75,Harian,Poin
Policy Interest Rates,Brazil,2010-11-16,10.75,Harian,Poin
Policy Interest Rates,Brazil,2010-11-17,10.75,Harian,Poin
Policy Interest Rates,Brazil,2010-11-18,10.75,Harian,Poin
Policy Interest Rates,Brazil,2010-11-19,10.75,Harian,Poin
Policy Interest Rates,Brazil,2010-11-22,10.75,Harian,Poin
Policy Interest Rates,Brazil,2010-11-23,10.75,Harian,Poin
Policy Interest Rates,Brazil,2010-11-24,10.75,Harian,Poin
Policy Interest Rates,Brazil,2010-11-25,10.75,Harian,Poin
Policy Interest Rates,Brazil,2010-11-26,10.75,Harian,Poin
Policy Interest Rates,Brazil,2010-11-29,10.75,Harian,Poin
Policy Interest Rates,Brazil,2010-11-30,10.75,Harian,Poin
Policy Interest Rates,Brazil,2010-12-01,10.75,Harian,Poin
Policy Interest Rates,Brazil,2010-12-02,10.75,Harian,Poin
Policy Interest Rates,Brazil,2010-12-03,10.75,Harian,Poin
Policy Interest Rates,Brazil,2010-12-06,10.75,Harian,Poin
Policy Interest Rates,Brazil,2010-12-07,10.75,Harian,Poin
Policy Interest Rates,Brazil,2010-12-08,10.75,Harian,Poin
Policy Interest Rates,Brazil,2010-12-09,10.75,Harian,Poin
Policy Interest Rates,Brazil,2010-12-10,10.75,Harian,Poin
Policy Interest Rates,Brazil,2010-12-13,10.75,Harian,Poin
Policy Interest Rates,Brazil,2010-12-14,10.75,Harian,Poin
Policy Interest Rates,Brazil,2010-12-15,10.75,Harian,Poin
Policy Interest Rates,Brazil,2010-12-16,10.75,Harian,Poin
Policy Interest Rates,Brazil,2010-12-17,10.75,Harian,Poin
Policy Interest Rates,Brazil,2010-12-20,10.75,Harian,Poin
Policy Interest Rates,Brazil,2010-12-21,10.75,Harian,Poin
Policy Interest Rates,Brazil,2010-12-22,10.75,Harian,Poin
Policy Interest Rates,Brazil,2010-12-23,10.75,Harian,Poin
Policy Interest Rates,Brazil,2010-12-24,10.75,Harian,Poin
Policy Interest Rates,Brazil,2010-12-27,10.75,Harian,Poin
Policy Interest Rates,Brazil,2010-12-29,10.75,Harian,Poin
Policy Interest Rates,Brazil,2010-12-30,10.75,Harian,Poin
Policy Interest Rates,Brazil,2010-12-31,10.75,Harian,Poin
Policy Interest Rates,Brazil,2011-01-04,10.75,Harian,Poin
Policy Interest Rates,Brazil,2011-01-05,10.75,Harian,Poin
Policy Interest Rates,Brazil,2011-01-06,10.75,Harian,Poin
Policy Interest Rates,Brazil,2011-01-07,10.75,Harian,Poin
Policy Interest Rates,Brazil,2011-01-10,10.75,Harian,Poin
Policy Interest Rates,Brazil,2011-01-12,10.75,Harian,Poin
Policy Interest Rates,Brazil,2011-01-13,10.75,Harian,Poin
Policy Interest Rates,Brazil,2011-01-14,10.75,Harian,Poin
Policy Interest Rates,Brazil,2011-01-17,10.75,Harian,Poin
Policy Interest Rates,Brazil,2011-01-18,10.75,Harian,Poin
Policy Interest Rates,Brazil,2011-01-19,11.25,Harian,Poin
Policy Interest Rates,Brazil,2011-01-20,11.25,Harian,Poin
Policy Interest Rates,Brazil,2011-01-21,11.25,Harian,Poin
Policy Interest Rates,Brazil,2011-01-24,11.25,Harian,Poin
Policy Interest Rates,Brazil,2011-01-25,11.25,Harian,Poin
Policy Interest Rates,Brazil,2011-01-26,11.25,Harian,Poin
Policy Interest Rates,Brazil,2011-01-27,11.25,Harian,Poin
Policy Interest Rates,Brazil,2011-01-28,11.25,Harian,Poin
Policy Interest Rates,Brazil,2011-01-31,11.25,Harian,Poin
Policy Interest Rates,Brazil,2011-02-01,11.25,Harian,Poin
Policy Interest Rates,Brazil,2011-02-02,11.25,Harian,Poin
Policy Interest Rates,Brazil,2011-02-03,11.25,Harian,Poin
Policy Interest Rates,Brazil,2011-02-04,11.25,Harian,Poin
Policy Interest Rates,Brazil,2011-02-07,11.25,Harian,Poin
Policy Interest Rates,Brazil,2011-02-08,11.25,Harian,Poin
Policy Interest Rates,Brazil,2011-02-09,11.25,Harian,Poin
Policy Interest Rates,Brazil,2011-02-10,11.25,Harian,Poin
Policy Interest Rates,Brazil,2011-02-11,11.25,Harian,Poin
Policy Interest Rates,Brazil,2011-02-14,11.25,Harian,Poin
Policy Interest Rates,Brazil,2011-02-15,11.25,Harian,Poin
Policy Interest Rates,Brazil,2011-02-16,11.25,Harian,Poin
Policy Interest Rates,Brazil,2011-02-17,11.25,Harian,Poin
Policy Interest Rates,Brazil,2011-02-18,11.25,Harian,Poin
Policy Interest Rates,Brazil,2011-02-21,11.25,Harian,Poin
Policy Interest Rates,Brazil,2011-02-22,11.25,Harian,Poin
Policy Interest Rates,Brazil,2011-02-23,11.25,Harian,Poin
Policy Interest Rates,Brazil,2011-02-24,11.25,Harian,Poin
Policy Interest Rates,Brazil,2011-02-25,11.25,Harian,Poin
Policy Interest Rates,Brazil,2011-02-28,11.25,Harian,Poin
Policy Interest Rates,Brazil,2011-03-01,11.25,Harian,Poin
Policy Interest Rates,Brazil,2011-03-02,11.75,Harian,Poin
Policy Interest Rates,Brazil,2011-03-03,11.75,Harian,Poin
Policy Interest Rates,Brazil,2011-03-04,11.75,Harian,Poin
Policy Interest Rates,Brazil,2011-03-09,11.75,Harian,Poin
Policy Interest Rates,Brazil,2011-03-10,11.75,Harian,Poin
Policy Interest Rates,Brazil,2011-03-11,11.75,Harian,Poin
Policy Interest Rates,Brazil,2011-03-14,11.75,Harian,Poin
Policy Interest Rates,Brazil,2011-03-15,11.75,Harian,Poin
Policy Interest Rates,Brazil,2011-03-16,11.75,Harian,Poin
Policy Interest Rates,Brazil,2011-03-17,11.75,Harian,Poin
Policy Interest Rates,Brazil,2011-03-18,11.75,Harian,Poin
Policy Interest Rates,Brazil,2011-03-21,11.75,Harian,Poin
Policy Interest Rates,Brazil,2011-03-22,11.75,Harian,Poin
Policy Interest Rates,Brazil,2011-03-23,11.75,Harian,Poin
Policy Interest Rates,Brazil,2011-03-24,11.75,Harian,Poin
Policy Interest Rates,Brazil,2011-03-25,11.75,Harian,Poin
Policy Interest Rates,Brazil,2011-03-28,11.75,Harian,Poin
Policy Interest Rates,Brazil,2011-03-29,11.75,Harian,Poin
Policy Interest Rates,Brazil,2011-03-30,11.75,Harian,Poin
Policy Interest Rates,Brazil,2011-03-31,11.75,Harian,Poin
Policy Interest Rates,Brazil,2011-04-01,11.75,Harian,Poin
Policy Interest Rates,Brazil,2011-04-04,11.75,Harian,Poin
Policy Interest Rates,Brazil,2011-04-05,11.75,Harian,Poin
Policy Interest Rates,Brazil,2011-04-06,11.75,Harian,Poin
Policy Interest Rates,Brazil,2011-04-07,11.75,Harian,Poin
Policy Interest Rates,Brazil,2011-04-08,11.75,Harian,Poin
Policy Interest Rates,Brazil,2011-04-11,11.75,Harian,Poin
Policy Interest Rates,Brazil,2011-04-12,11.75,Harian,Poin
Policy Interest Rates,Brazil,2011-04-13,11.75,Harian,Poin
Policy Interest Rates,Brazil,2011-04-14,11.75,Harian,Poin
Policy Interest Rates,Brazil,2011-04-15,11.75,Harian,Poin
Policy Interest Rates,Brazil,2011-04-18,11.75,Harian,Poin
Policy Interest Rates,Brazil,2011-04-19,11.75,Harian,Poin
Policy Interest Rates,Brazil,2011-04-20,12,Harian,Poin
Policy Interest Rates,Brazil,2011-04-25,12,Harian,Poin
Policy Interest Rates,Brazil,2011-04-26,12,Harian,Poin
Policy Interest Rates,Brazil,2011-04-27,12,Harian,Poin
Policy Interest Rates,Brazil,2011-04-28,12,Harian,Poin
Policy Interest Rates,Brazil,2011-04-29,12,Harian,Poin
Policy Interest Rates,Brazil,2011-05-02,12,Harian,Poin
Policy Interest Rates,Brazil,2011-05-03,12,Harian,Poin
Policy Interest Rates,Brazil,2011-05-04,12,Harian,Poin
Policy Interest Rates,Brazil,2011-05-05,12,Harian,Poin
Policy Interest Rates,Brazil,2011-05-06,12,Harian,Poin
Policy Interest Rates,Brazil,2011-05-09,12,Harian,Poin
Policy Interest Rates,Brazil,2011-05-10,12,Harian,Poin
Policy Interest Rates,Brazil,2011-05-11,12,Harian,Poin
Policy Interest Rates,Brazil,2011-05-12,12,Harian,Poin
Policy Interest Rates,Brazil,2011-05-13,12,Harian,Poin
Policy Interest Rates,Brazil,2011-05-16,12,Harian,Poin
Policy Interest Rates,Brazil,2011-05-17,12,Harian,Poin
Policy Interest Rates,Brazil,2011-05-18,12,Harian,Poin
Policy Interest Rates,Brazil,2011-05-19,12,Harian,Poin
Policy Interest Rates,Brazil,2011-05-20,12,Harian,Poin
Policy Interest Rates,Brazil,2011-05-23,12,Harian,Poin
Policy Interest Rates,Brazil,2011-05-24,12,Harian,Poin
Policy Interest Rates,Brazil,2011-05-25,12,Harian,Poin
Policy Interest Rates,Brazil,2011-05-26,12,Harian,Poin
Policy Interest Rates,Brazil,2011-05-27,12,Harian,Poin
Policy Interest Rates,Brazil,2011-05-30,12,Harian,Poin
Policy Interest Rates,Brazil,2011-05-31,12,Harian,Poin
Policy Interest Rates,Brazil,2011-06-01,12,Harian,Poin
Policy Interest Rates,Brazil,2011-06-02,12,Harian,Poin
Policy Interest Rates,Brazil,2011-06-03,12,Harian,Poin
Policy Interest Rates,Brazil,2011-06-06,12,Harian,Poin
Policy Interest Rates,Brazil,2011-06-07,12,Harian,Poin
Policy Interest Rates,Brazil,2011-06-08,12.25,Harian,Poin
Policy Interest Rates,Brazil,2011-06-09,12.25,Harian,Poin
Policy Interest Rates,Brazil,2011-06-10,12.25,Harian,Poin
Policy Interest Rates,Brazil,2011-06-13,12.25,Harian,Poin
Policy Interest Rates,Brazil,2011-06-14,12.25,Harian,Poin
Policy Interest Rates,Brazil,2011-06-15,12.25,Harian,Poin
Policy Interest Rates,Brazil,2011-06-16,12.25,Harian,Poin
Policy Interest Rates,Brazil,2011-06-17,12.25,Harian,Poin
Policy Interest Rates,Brazil,2011-06-20,12.25,Harian,Poin
Policy Interest Rates,Brazil,2011-06-21,12.25,Harian,Poin
Policy Interest Rates,Brazil,2011-06-22,12.25,Harian,Poin
Policy Interest Rates,Brazil,2011-06-24,12.25,Harian,Poin
Policy Interest Rates,Brazil,2011-06-27,12.25,Harian,Poin
Policy Interest Rates,Brazil,2011-06-28,12.25,Harian,Poin
Policy Interest Rates,Brazil,2011-06-29,12.25,Harian,Poin
Policy Interest Rates,Brazil,2011-06-30,12.25,Harian,Poin
Policy Interest Rates,Brazil,2011-07-01,12.25,Harian,Poin
Policy Interest Rates,Brazil,2011-07-04,12.25,Harian,Poin
Policy Interest Rates,Brazil,2011-07-05,12.25,Harian,Poin
Policy Interest Rates,Brazil,2011-07-06,12.25,Harian,Poin
Policy Interest Rates,Brazil,2011-07-07,12.25,Harian,Poin
Policy Interest Rates,Brazil,2011-07-08,12.25,Harian,Poin
Policy Interest Rates,Brazil,2011-07-11,12.25,Harian,Poin
Policy Interest Rates,Brazil,2011-07-12,12.25,Harian,Poin
Policy Interest Rates,Brazil,2011-07-13,12.25,Harian,Poin
Policy Interest Rates,Brazil,2011-07-14,12.25,Harian,Poin
Policy Interest Rates,Brazil,2011-07-15,12.25,Harian,Poin
Policy Interest Rates,Brazil,2011-07-18,12.25,Harian,Poin
Policy Interest Rates,Brazil,2011-07-19,12.25,Harian,Poin
Policy Interest Rates,Brazil,2011-07-20,12.5,Harian,Poin
Policy Interest Rates,Brazil,2011-07-21,12.5,Harian,Poin
Policy Interest Rates,Brazil,2011-07-22,12.5,Harian,Poin
Policy Interest Rates,Brazil,2011-07-25,12.5,Harian,Poin
Policy Interest Rates,Brazil,2011-07-26,12.5,Harian,Poin
Policy Interest Rates,Brazil,2011-07-27,12.5,Harian,Poin
Policy Interest Rates,Brazil,2011-07-28,12.5,Harian,Poin
Policy Interest Rates,Brazil,2011-07-29,12.5,Harian,Poin
Policy Interest Rates,Brazil,2011-08-01,12.5,Harian,Poin
Policy Interest Rates,Brazil,2011-08-02,12.5,Harian,Poin
Policy Interest Rates,Brazil,2011-08-03,12.5,Harian,Poin
Policy Interest Rates,Brazil,2011-08-04,12.5,Harian,Poin
Policy Interest Rates,Brazil,2011-08-05,12.5,Harian,Poin
Policy Interest Rates,Brazil,2011-08-08,12.5,Harian,Poin
Policy Interest Rates,Brazil,2011-08-09,12.5,Harian,Poin
Policy Interest Rates,Brazil,2011-08-10,12.5,Harian,Poin
Policy Interest Rates,Brazil,2011-08-11,12.5,Harian,Poin
Policy Interest Rates,Brazil,2011-08-12,12.5,Harian,Poin
Policy Interest Rates,Brazil,2011-08-15,12.5,Harian,Poin
Policy Interest Rates,Brazil,2011-08-16,12.5,Harian,Poin
Policy Interest Rates,Brazil,2011-08-17,12.5,Harian,Poin
Policy Interest Rates,Brazil,2011-08-18,12.5,Harian,Poin
Policy Interest Rates,Brazil,2011-08-19,12.5,Harian,Poin
Policy Interest Rates,Brazil,2011-08-22,12.5,Harian,Poin
Policy Interest Rates,Brazil,2011-08-23,12.5,Harian,Poin
Policy Interest Rates,Brazil,2011-08-24,12.5,Harian,Poin
Policy Interest Rates,Brazil,2011-08-25,12.5,Harian,Poin
Policy Interest Rates,Brazil,2011-08-26,12.5,Harian,Poin
Policy Interest Rates,Brazil,2011-08-29,12.5,Harian,Poin
Policy Interest Rates,Brazil,2011-08-30,12.5,Harian,Poin
Policy Interest Rates,Brazil,2011-08-31,12,Harian,Poin
Policy Interest Rates,Brazil,2011-09-01,12,Harian,Poin
Policy Interest Rates,Brazil,2011-09-02,12,Harian,Poin
Policy Interest Rates,Brazil,2011-09-05,12,Harian,Poin
Policy Interest Rates,Brazil,2011-09-06,12,Harian,Poin
Policy Interest Rates,Brazil,2011-09-08,12,Harian,Poin
Policy Interest Rates,Brazil,2011-09-09,12,Harian,Poin
Policy Interest Rates,Brazil,2011-09-12,12,Harian,Poin
Policy Interest Rates,Brazil,2011-09-13,12,Harian,Poin
Policy Interest Rates,Brazil,2011-09-14,12,Harian,Poin
Policy Interest Rates,Brazil,2011-09-15,12,Harian,Poin
Policy Interest Rates,Brazil,2011-09-16,12,Harian,Poin
Policy Interest Rates,Brazil,2011-09-19,12,Harian,Poin
Policy Interest Rates,Brazil,2011-09-20,12,Harian,Poin
Policy Interest Rates,Brazil,2011-09-21,12,Harian,Poin
Policy Interest Rates,Brazil,2011-09-22,12,Harian,Poin
Policy Interest Rates,Brazil,2011-09-23,12,Harian,Poin
Policy Interest Rates,Brazil,2011-09-26,12,Harian,Poin
Policy Interest Rates,Brazil,2011-09-27,12,Harian,Poin
Policy Interest Rates,Brazil,2011-09-28,12,Harian,Poin
Policy Interest Rates,Brazil,2011-09-29,12,Harian,Poin
Policy Interest Rates,Brazil,2011-09-30,12,Harian,Poin
Policy Interest Rates,Brazil,2011-10-03,12,Harian,Poin
Policy Interest Rates,Brazil,2011-10-04,12,Harian,Poin
Policy Interest Rates,Brazil,2011-10-05,12,Harian,Poin
Policy Interest Rates,Brazil,2011-10-06,12,Harian,Poin
Policy Interest Rates,Brazil,2011-10-07,12,Harian,Poin
Policy Interest Rates,Brazil,2011-10-10,12,Harian,Poin
Policy Interest Rates,Brazil,2011-10-11,12,Harian,Poin
Policy Interest Rates,Brazil,2011-10-12,12,Harian,Poin
Policy Interest Rates,Brazil,2011-10-13,12,Harian,Poin
Policy Interest Rates,Brazil,2011-10-14,12,Harian,Poin
Policy Interest Rates,Brazil,2011-10-17,12,Harian,Poin
Policy Interest Rates,Brazil,2011-10-18,12,Harian,Poin
Policy Interest Rates,Brazil,2011-10-19,11.5,Harian,Poin
Policy Interest Rates,Brazil,2011-10-20,11.5,Harian,Poin
Policy Interest Rates,Brazil,2011-10-21,11.5,Harian,Poin
Policy Interest Rates,Brazil,2011-10-24,11.5,Harian,Poin
Policy Interest Rates,Brazil,2011-10-25,11.5,Harian,Poin
Policy Interest Rates,Brazil,2011-10-26,11.5,Harian,Poin
Policy Interest Rates,Brazil,2011-10-27,11.5,Harian,Poin
Policy Interest Rates,Brazil,2011-10-28,11.5,Harian,Poin
Policy Interest Rates,Brazil,2011-10-31,11.5,Harian,Poin
Policy Interest Rates,Brazil,2011-11-01,11.5,Harian,Poin
Policy Interest Rates,Brazil,2011-11-02,11.5,Harian,Poin
Policy Interest Rates,Brazil,2011-11-03,11.5,Harian,Poin
Policy Interest Rates,Brazil,2011-11-04,11.5,Harian,Poin
Policy Interest Rates,Brazil,2011-11-07,11.5,Harian,Poin
Policy Interest Rates,Brazil,2011-11-08,11.5,Harian,Poin
Policy Interest Rates,Brazil,2011-11-09,11.5,Harian,Poin
Policy Interest Rates,Brazil,2011-11-10,11.5,Harian,Poin
Policy Interest Rates,Brazil,2011-11-11,11.5,Harian,Poin
Policy Interest Rates,Brazil,2011-11-14,11.5,Harian,Poin
Policy Interest Rates,Brazil,2011-11-15,11.5,Harian,Poin
Policy Interest Rates,Brazil,2011-11-16,11.5,Harian,Poin
Policy Interest Rates,Brazil,2011-11-17,11.5,Harian,Poin
Policy Interest Rates,Brazil,2011-11-18,11.5,Harian,Poin
Policy Interest Rates,Brazil,2011-11-21,11.5,Harian,Poin
Policy Interest Rates,Brazil,2011-11-22,11.5,Harian,Poin
Policy Interest Rates,Brazil,2011-11-23,11.5,Harian,Poin
Policy Interest Rates,Brazil,2011-11-24,11.5,Harian,Poin
Policy Interest Rates,Brazil,2011-11-25,11.5,Harian,Poin
Policy Interest Rates,Brazil,2011-11-28,11.5,Harian,Poin
Policy Interest Rates,Brazil,2011-11-29,11.5,Harian,Poin
Policy Interest Rates,Brazil,2011-11-30,11,Harian,Poin
Policy Interest Rates,Brazil,2011-12-01,11,Harian,Poin
Policy Interest Rates,Brazil,2011-12-02,11,Harian,Poin
Policy Interest Rates,Brazil,2011-12-05,11,Harian,Poin
Policy Interest Rates,Brazil,2011-12-06,11,Harian,Poin
Policy Interest Rates,Brazil,2011-12-07,11,Harian,Poin
Policy Interest Rates,Brazil,2011-12-08,11,Harian,Poin
Policy Interest Rates,Brazil,2011-12-09,11,Harian,Poin
Policy Interest Rates,Brazil,2011-12-12,11,Harian,Poin
Policy Interest Rates,Brazil,2011-12-13,11,Harian,Poin
Policy Interest Rates,Brazil,2011-12-14,11,Harian,Poin
Policy Interest Rates,Brazil,2011-12-15,11,Harian,Poin
Policy Interest Rates,Brazil,2011-12-16,11,Harian,Poin
Policy Interest Rates,Brazil,2011-12-19,11,Harian,Poin
Policy Interest Rates,Brazil,2011-12-20,11,Harian,Poin
Policy Interest Rates,Brazil,2011-12-21,11,Harian,Poin
Policy Interest Rates,Brazil,2011-12-22,11,Harian,Poin
Policy Interest Rates,Brazil,2011-12-23,11,Harian,Poin
Policy Interest Rates,Brazil,2011-12-26,11,Harian,Poin
Policy Interest Rates,Brazil,2011-12-27,11,Harian,Poin
Policy Interest Rates,Brazil,2011-12-28,11,Harian,Poin
Policy Interest Rates,Brazil,2011-12-29,11,Harian,Poin
Policy Interest Rates,Brazil,2011-12-30,11,Harian,Poin
Policy Interest Rates,Brazil,2012-01-02,11,Harian,Poin
Policy Interest Rates,Brazil,2012-01-03,11,Harian,Poin
Policy Interest Rates,Brazil,2012-01-04,11,Harian,Poin
Policy Interest Rates,Brazil,2012-01-05,11,Harian,Poin
Policy Interest Rates,Brazil,2012-01-06,11,Harian,Poin
Policy Interest Rates,Brazil,2012-01-09,11,Harian,Poin
Policy Interest Rates,Brazil,2012-01-10,11,Harian,Poin
Policy Interest Rates,Brazil,2012-01-11,11,Harian,Poin
Policy Interest Rates,Brazil,2012-01-12,11,Harian,Poin
Policy Interest Rates,Brazil,2012-01-13,11,Harian,Poin
Policy Interest Rates,Brazil,2012-01-16,11,Harian,Poin
Policy Interest Rates,Brazil,2012-01-17,11,Harian,Poin
Policy Interest Rates,Brazil,2012-01-18,10.5,Harian,Poin
Policy Interest Rates,Brazil,2012-01-19,10.5,Harian,Poin
Policy Interest Rates,Brazil,2012-01-20,10.5,Harian,Poin
Policy Interest Rates,Brazil,2012-01-23,10.5,Harian,Poin
Policy Interest Rates,Brazil,2012-01-24,10.5,Harian,Poin
Policy Interest Rates,Brazil,2012-01-25,10.5,Harian,Poin
Policy Interest Rates,Brazil,2012-01-26,10.5,Harian,Poin
Policy Interest Rates,Brazil,2012-01-27,10.5,Harian,Poin
Policy Interest Rates,Brazil,2012-01-30,10.5,Harian,Poin
Policy Interest Rates,Brazil,2012-01-31,10.5,Harian,Poin
Policy Interest Rates,Brazil,2012-02-01,10.5,Harian,Poin
Policy Interest Rates,Brazil,2012-02-02,10.5,Harian,Poin
Policy Interest Rates,Brazil,2012-02-03,10.5,Harian,Poin
Policy Interest Rates,Brazil,2012-02-06,10.5,Harian,Poin
Policy Interest Rates,Brazil,2012-02-07,10.5,Harian,Poin
Policy Interest Rates,Brazil,2012-02-08,10.5,Harian,Poin
Policy Interest Rates,Brazil,2012-02-09,10.5,Harian,Poin
Policy Interest Rates,Brazil,2012-02-10,10.5,Harian,Poin
Policy Interest Rates,Brazil,2012-02-13,10.5,Harian,Poin
Policy Interest Rates,Brazil,2012-02-14,10.5,Harian,Poin
Policy Interest Rates,Brazil,2012-02-15,10.5,Harian,Poin
Policy Interest Rates,Brazil,2012-02-16,10.5,Harian,Poin
Policy Interest Rates,Brazil,2012-02-17,10.5,Harian,Poin
Policy Interest Rates,Brazil,2012-02-22,10.5,Harian,Poin
Policy Interest Rates,Brazil,2012-02-23,10.5,Harian,Poin
Policy Interest Rates,Brazil,2012-02-24,10.5,Harian,Poin
Policy Interest Rates,Brazil,2012-02-27,10.5,Harian,Poin
Policy Interest Rates,Brazil,2012-02-28,10.5,Harian,Poin
Policy Interest Rates,Brazil,2012-02-29,10.5,Harian,Poin
Policy Interest Rates,Brazil,2012-03-01,10.5,Harian,Poin
Policy Interest Rates,Brazil,2012-03-02,10.5,Harian,Poin
Policy Interest Rates,Brazil,2012-03-05,10.5,Harian,Poin
Policy Interest Rates,Brazil,2012-03-06,10.5,Harian,Poin
Policy Interest Rates,Brazil,2012-03-07,9.75,Harian,Poin
Policy Interest Rates,Brazil,2012-03-08,9.75,Harian,Poin
Policy Interest Rates,Brazil,2012-03-09,9.75,Harian,Poin
Policy Interest Rates,Brazil,2012-03-12,9.75,Harian,Poin
Policy Interest Rates,Brazil,2012-03-13,9.75,Harian,Poin
Policy Interest Rates,Brazil,2012-03-14,9.75,Harian,Poin
Policy Interest Rates,Brazil,2012-03-15,9.75,Harian,Poin
Policy Interest Rates,Brazil,2012-03-16,9.75,Harian,Poin
Policy Interest Rates,Brazil,2012-03-19,9.75,Harian,Poin
Policy Interest Rates,Brazil,2012-03-20,9.75,Harian,Poin
Policy Interest Rates,Brazil,2012-03-21,9.75,Harian,Poin
Policy Interest Rates,Brazil,2012-03-22,9.75,Harian,Poin
Policy Interest Rates,Brazil,2012-03-23,9.75,Harian,Poin
Policy Interest Rates,Brazil,2012-03-26,9.75,Harian,Poin
Policy Interest Rates,Brazil,2012-03-27,9.75,Harian,Poin
Policy Interest Rates,Brazil,2012-03-28,9.75,Harian,Poin
Policy Interest Rates,Brazil,2012-03-29,9.75,Harian,Poin
Policy Interest Rates,Brazil,2012-03-30,9.75,Harian,Poin
Policy Interest Rates,Brazil,2012-04-02,9.75,Harian,Poin
Policy Interest Rates,Brazil,2012-04-03,9.75,Harian,Poin
Policy Interest Rates,Brazil,2012-04-04,9.75,Harian,Poin
Policy Interest Rates,Brazil,2012-04-05,9.75,Harian,Poin
Policy Interest Rates,Brazil,2012-04-09,9.75,Harian,Poin
Policy Interest Rates,Brazil,2012-04-10,9.75,Harian,Poin
Policy Interest Rates,Brazil,2012-04-11,9.75,Harian,Poin
Policy Interest Rates,Brazil,2012-04-12,9.75,Harian,Poin
Policy Interest Rates,Brazil,2012-04-13,9.75,Harian,Poin
Policy Interest Rates,Brazil,2012-04-16,9.75,Harian,Poin
Policy Interest Rates,Brazil,2012-04-17,9.75,Harian,Poin
Policy Interest Rates,Brazil,2012-04-18,9,Harian,Poin
Policy Interest Rates,Brazil,2012-04-19,9,Harian,Poin
Policy Interest Rates,Brazil,2012-04-20,9,Harian,Poin
Policy Interest Rates,Brazil,2012-04-23,9,Harian,Poin
Policy Interest Rates,Brazil,2012-04-24,9,Harian,Poin
Policy Interest Rates,Brazil,2012-04-25,9,Harian,Poin
Policy Interest Rates,Brazil,2012-04-26,9,Harian,Poin
Policy Interest Rates,Brazil,2012-04-27,9,Harian,Poin
Policy Interest Rates,Brazil,2012-04-30,9,Harian,Poin
Policy Interest Rates,Brazil,2012-05-02,9,Harian,Poin
Policy Interest Rates,Brazil,2012-05-03,9,Harian,Poin
Policy Interest Rates,Brazil,2012-05-04,9,Harian,Poin
Policy Interest Rates,Brazil,2012-05-07,9,Harian,Poin
Policy Interest Rates,Brazil,2012-05-08,9,Harian,Poin
Policy Interest Rates,Brazil,2012-05-09,9,Harian,Poin
Policy Interest Rates,Brazil,2012-05-10,9,Harian,Poin
Policy Interest Rates,Brazil,2012-05-11,9,Harian,Poin
Policy Interest Rates,Brazil,2012-05-14,9,Harian,Poin
Policy Interest Rates,Brazil,2012-05-15,9,Harian,Poin
Policy Interest Rates,Brazil,2012-05-16,9,Harian,Poin
Policy Interest Rates,Brazil,2012-05-17,9,Harian,Poin
Policy Interest Rates,Brazil,2012-05-18,9,Harian,Poin
Policy Interest Rates,Brazil,2012-05-21,9,Harian,Poin
Policy Interest Rates,Brazil,2012-05-22,9,Harian,Poin
Policy Interest Rates,Brazil,2012-05-23,9,Harian,Poin
Policy Interest Rates,Brazil,2012-05-24,9,Harian,Poin
Policy Interest Rates,Brazil,2012-05-25,9,Harian,Poin
Policy Interest Rates,Brazil,2012-05-28,9,Harian,Poin
Policy Interest Rates,Brazil,2012-05-29,9,Harian,Poin
Policy Interest Rates,Brazil,2012-05-30,8.5,Harian,Poin
Policy Interest Rates,Brazil,2012-05-31,8.5,Harian,Poin
Policy Interest Rates,Brazil,2012-06-01,8.5,Harian,Poin
Policy Interest Rates,Brazil,2012-06-04,8.5,Harian,Poin
Policy Interest Rates,Brazil,2012-06-05,8.5,Harian,Poin
Policy Interest Rates,Brazil,2012-06-06,8.5,Harian,Poin
Policy Interest Rates,Brazil,2012-06-08,8.5,Harian,Poin
Policy Interest Rates,Brazil,2012-06-11,8.5,Harian,Poin
Policy Interest Rates,Brazil,2012-06-12,8.5,Harian,Poin
Policy Interest Rates,Brazil,2012-06-13,8.5,Harian,Poin
Policy Interest Rates,Brazil,2012-06-14,8.5,Harian,Poin
Policy Interest Rates,Brazil,2012-06-15,8.5,Harian,Poin
Policy Interest Rates,Brazil,2012-06-18,8.5,Harian,Poin
Policy Interest Rates,Brazil,2012-06-19,8.5,Harian,Poin
Policy Interest Rates,Brazil,2012-06-20,8.5,Harian,Poin
Policy Interest Rates,Brazil,2012-06-21,8.5,Harian,Poin
Policy Interest Rates,Brazil,2012-06-22,8.5,Harian,Poin
Policy Interest Rates,Brazil,2012-06-25,8.5,Harian,Poin
Policy Interest Rates,Brazil,2012-06-26,8.5,Harian,Poin
Policy Interest Rates,Brazil,2012-06-27,8.5,Harian,Poin
Policy Interest Rates,Brazil,2012-06-28,8.5,Harian,Poin
Policy Interest Rates,Brazil,2012-06-29,8.5,Harian,Poin
Policy Interest Rates,Brazil,2012-07-02,8.5,Harian,Poin
Policy Interest Rates,Brazil,2012-07-03,8.5,Harian,Poin
Policy Interest Rates,Brazil,2012-07-04,8.5,Harian,Poin
Policy Interest Rates,Brazil,2012-07-05,8.5,Harian,Poin
Policy Interest Rates,Brazil,2012-07-06,8.5,Harian,Poin
Policy Interest Rates,Brazil,2012-07-09,8.5,Harian,Poin
Policy Interest Rates,Brazil,2012-07-10,8.5,Harian,Poin
Policy Interest Rates,Brazil,2012-07-11,8,Harian,Poin
Policy Interest Rates,Brazil,2012-07-12,8,Harian,Poin
Policy Interest Rates,Brazil,2012-07-13,8,Harian,Poin
Policy Interest Rates,Brazil,2012-07-16,8,Harian,Poin
Policy Interest Rates,Brazil,2012-07-17,8,Harian,Poin
Policy Interest Rates,Brazil,2012-07-18,8,Harian,Poin
Policy Interest Rates,Brazil,2012-07-19,8,Harian,Poin
Policy Interest Rates,Brazil,2012-07-20,8,Harian,Poin
Policy Interest Rates,Brazil,2012-07-23,8,Harian,Poin
Policy Interest Rates,Brazil,2012-07-24,8,Harian,Poin
Policy Interest Rates,Brazil,2012-07-25,8,Harian,Poin
Policy Interest Rates,Brazil,2012-07-26,8,Harian,Poin
Policy Interest Rates,Brazil,2012-07-27,8,Harian,Poin
Policy Interest Rates,Brazil,2012-07-30,8,Harian,Poin
Policy Interest Rates,Brazil,2012-07-31,8,Harian,Poin
Policy Interest Rates,Brazil,2012-08-01,8,Harian,Poin
Policy Interest Rates,Brazil,2012-08-02,8,Harian,Poin
Policy Interest Rates,Brazil,2012-08-03,8,Harian,Poin
Policy Interest Rates,Brazil,2012-08-06,8,Harian,Poin
Policy Interest Rates,Brazil,2012-08-07,8,Harian,Poin
Policy Interest Rates,Brazil,2012-08-08,8,Harian,Poin
Policy Interest Rates,Brazil,2012-08-09,8,Harian,Poin
Policy Interest Rates,Brazil,2012-08-10,8,Harian,Poin
Policy Interest Rates,Brazil,2012-08-13,8,Harian,Poin
Policy Interest Rates,Brazil,2012-08-14,8,Harian,Poin
Policy Interest Rates,Brazil,2012-08-15,8,Harian,Poin
Policy Interest Rates,Brazil,2012-08-16,8,Harian,Poin
Policy Interest Rates,Brazil,2012-08-17,8,Harian,Poin
Policy Interest Rates,Brazil,2012-08-20,8,Harian,Poin
Policy Interest Rates,Brazil,2012-08-21,8,Harian,Poin
Policy Interest Rates,Brazil,2012-08-22,8,Harian,Poin
Policy Interest Rates,Brazil,2012-08-23,8,Harian,Poin
Policy Interest Rates,Brazil,2012-08-24,8,Harian,Poin
Policy Interest Rates,Brazil,2012-08-27,8,Harian,Poin
Policy Interest Rates,Brazil,2012-08-28,8,Harian,Poin
Policy Interest Rates,Brazil,2012-08-29,7.5,Harian,Poin
Policy Interest Rates,Brazil,2012-08-30,7.5,Harian,Poin
Policy Interest Rates,Brazil,2012-08-31,7.5,Harian,Poin
Policy Interest Rates,Brazil,2012-09-03,7.5,Harian,Poin
Policy Interest Rates,Brazil,2012-09-04,7.5,Harian,Poin
Policy Interest Rates,Brazil,2012-09-05,7.5,Harian,Poin
Policy Interest Rates,Brazil,2012-09-06,7.5,Harian,Poin
Policy Interest Rates,Brazil,2012-09-10,7.5,Harian,Poin
Policy Interest Rates,Brazil,2012-09-11,7.5,Harian,Poin
Policy Interest Rates,Brazil,2012-09-12,7.5,Harian,Poin
Policy Interest Rates,Brazil,2012-09-13,7.5,Harian,Poin
Policy Interest Rates,Brazil,2012-09-14,7.5,Harian,Poin
Policy Interest Rates,Brazil,2012-09-17,7.5,Harian,Poin
Policy Interest Rates,Brazil,2012-09-18,7.5,Harian,Poin
Policy Interest Rates,Brazil,2012-09-19,7.5,Harian,Poin
Policy Interest Rates,Brazil,2012-09-20,7.5,Harian,Poin
Policy Interest Rates,Brazil,2012-09-21,7.5,Harian,Poin
Policy Interest Rates,Brazil,2012-09-24,7.5,Harian,Poin
Policy Interest Rates,Brazil,2012-09-25,7.5,Harian,Poin
Policy Interest Rates,Brazil,2012-09-26,7.5,Harian,Poin
Policy Interest Rates,Brazil,2012-09-27,7.5,Harian,Poin
Policy Interest Rates,Brazil,2012-09-28,7.5,Harian,Poin
Policy Interest Rates,Brazil,2012-10-01,7.5,Harian,Poin
Policy Interest Rates,Brazil,2012-10-02,7.5,Harian,Poin
Policy Interest Rates,Brazil,2012-10-03,7.5,Harian,Poin
Policy Interest Rates,Brazil,2012-10-04,7.5,Harian,Poin
Policy Interest Rates,Brazil,2012-10-05,7.5,Harian,Poin
Policy Interest Rates,Brazil,2012-10-08,7.5,Harian,Poin
Policy Interest Rates,Brazil,2012-10-09,7.5,Harian,Poin
Policy Interest Rates,Brazil,2012-10-10,7.25,Harian,Poin
Policy Interest Rates,Brazil,2012-10-11,7.25,Harian,Poin
Policy Interest Rates,Brazil,2012-10-12,7.25,Harian,Poin
Policy Interest Rates,Brazil,2012-10-15,7.25,Harian,Poin
Policy Interest Rates,Brazil,2012-10-16,7.25,Harian,Poin
Policy Interest Rates,Brazil,2012-10-17,7.25,Harian,Poin
Policy Interest Rates,Brazil,2012-10-18,7.25,Harian,Poin
Policy Interest Rates,Brazil,2012-10-19,7.25,Harian,Poin
Policy Interest Rates,Brazil,2012-10-22,7.25,Harian,Poin
Policy Interest Rates,Brazil,2012-10-23,7.25,Harian,Poin
Policy Interest Rates,Brazil,2012-10-24,7.25,Harian,Poin
Policy Interest Rates,Brazil,2012-10-25,7.25,Harian,Poin
Policy Interest Rates,Brazil,2012-10-26,7.25,Harian,Poin
Policy Interest Rates,Brazil,2012-10-29,7.25,Harian,Poin
Policy Interest Rates,Brazil,2012-10-30,7.25,Harian,Poin
Policy Interest Rates,Brazil,2012-10-31,7.25,Harian,Poin
Policy Interest Rates,Brazil,2012-11-01,7.25,Harian,Poin
Policy Interest Rates,Brazil,2012-11-05,7.25,Harian,Poin
Policy Interest Rates,Brazil,2012-11-06,7.25,Harian,Poin
Policy Interest Rates,Brazil,2012-11-07,7.25,Harian,Poin
Policy Interest Rates,Brazil,2012-11-08,7.25,Harian,Poin
Policy Interest Rates,Brazil,2012-11-09,7.25,Harian,Poin
Policy Interest Rates,Brazil,2012-11-12,7.25,Harian,Poin
Policy Interest Rates,Brazil,2012-11-13,7.25,Harian,Poin
Policy Interest Rates,Brazil,2012-11-14,7.25,Harian,Poin
Policy Interest Rates,Brazil,2012-11-16,7.25,Harian,Poin
Policy Interest Rates,Brazil,2012-11-19,7.25,Harian,Poin
Policy Interest Rates,Brazil,2012-11-20,7.25,Harian,Poin
Policy Interest Rates,Brazil,2012-11-21,7.25,Harian,Poin
Policy Interest Rates,Brazil,2012-11-22,7.25,Harian,Poin
Policy Interest Rates,Brazil,2012-11-23,7.25,Harian,Poin
Policy Interest Rates,Brazil,2012-11-26,7.25,Harian,Poin
Policy Interest Rates,Brazil,2012-11-27,7.25,Harian,Poin
Policy Interest Rates,Brazil,2012-11-28,7.25,Harian,Poin
Policy Interest Rates,Brazil,2012-11-29,7.25,Harian,Poin
Policy Interest Rates,Brazil,2012-11-30,7.25,Harian,Poin
Policy Interest Rates,Brazil,2012-12-03,7.25,Harian,Poin
Policy Interest Rates,Brazil,2012-12-04,7.25,Harian,Poin
Policy Interest Rates,Brazil,2012-12-05,7.25,Harian,Poin
Policy Interest Rates,Brazil,2012-12-06,7.25,Harian,Poin
Policy Interest Rates,Brazil,2012-12-07,7.25,Harian,Poin
Policy Interest Rates,Brazil,2012-12-10,7.25,Harian,Poin
Policy Interest Rates,Brazil,2012-12-11,7.25,Harian,Poin
Policy Interest Rates,Brazil,2012-12-12,7.25,Harian,Poin
Policy Interest Rates,Brazil,2012-12-13,7.25,Harian,Poin
Policy Interest Rates,Brazil,2012-12-14,7.25,Harian,Poin
Policy Interest Rates,Brazil,2012-12-17,7.25,Harian,Poin
Policy Interest Rates,Brazil,2012-12-18,7.25,Harian,Poin
Policy Interest Rates,Brazil,2012-12-19,7.25,Harian,Poin
Policy Interest Rates,Brazil,2012-12-20,7.25,Harian,Poin
Policy Interest Rates,Brazil,2012-12-21,7.25,Harian,Poin
Policy Interest Rates,Brazil,2012-12-24,7.25,Harian,Poin
Policy Interest Rates,Brazil,2012-12-26,7.25,Harian,Poin
Policy Interest Rates,Brazil,2012-12-27,7.25,Harian,Poin
Policy Interest Rates,Brazil,2012-12-28,7.25,Harian,Poin
Policy Interest Rates,Brazil,2012-12-31,7.25,Harian,Poin
Policy Interest Rates,Brazil,2013-01-02,7.25,Harian,Poin
Policy Interest Rates,Brazil,2013-01-03,7.25,Harian,Poin
Policy Interest Rates,Brazil,2013-01-04,7.25,Harian,Poin
Policy Interest Rates,Brazil,2013-01-07,7.25,Harian,Poin
Policy Interest Rates,Brazil,2013-01-08,7.25,Harian,Poin
Policy Interest Rates,Brazil,2013-01-09,7.25,Harian,Poin
Policy Interest Rates,Brazil,2013-01-10,7.25,Harian,Poin
Policy Interest Rates,Brazil,2013-01-11,7.25,Harian,Poin
Policy Interest Rates,Brazil,2013-01-14,7.25,Harian,Poin
Policy Interest Rates,Brazil,2013-01-15,7.25,Harian,Poin
Policy Interest Rates,Brazil,2013-01-16,7.25,Harian,Poin
Policy Interest Rates,Brazil,2013-01-17,7.25,Harian,Poin
Policy Interest Rates,Brazil,2013-01-18,7.25,Harian,Poin
Policy Interest Rates,Brazil,2013-01-21,7.25,Harian,Poin
Policy Interest Rates,Brazil,2013-01-22,7.25,Harian,Poin
Policy Interest Rates,Brazil,2013-01-23,7.25,Harian,Poin
Policy Interest Rates,Brazil,2013-01-24,7.25,Harian,Poin
Policy Interest Rates,Brazil,2013-01-25,7.25,Harian,Poin
Policy Interest Rates,Brazil,2013-01-28,7.25,Harian,Poin
Policy Interest Rates,Brazil,2013-01-29,7.25,Harian,Poin
Policy Interest Rates,Brazil,2013-01-30,7.25,Harian,Poin
Policy Interest Rates,Brazil,2013-01-31,7.25,Harian,Poin
Policy Interest Rates,Brazil,2013-02-01,7.25,Harian,Poin
Policy Interest Rates,Brazil,2013-02-04,7.25,Harian,Poin
Policy Interest Rates,Brazil,2013-02-05,7.25,Harian,Poin
Policy Interest Rates,Brazil,2013-02-06,7.25,Harian,Poin
Policy Interest Rates,Brazil,2013-02-07,7.25,Harian,Poin
Policy Interest Rates,Brazil,2013-02-08,7.25,Harian,Poin
Policy Interest Rates,Brazil,2013-02-13,7.25,Harian,Poin
Policy Interest Rates,Brazil,2013-02-14,7.25,Harian,Poin
Policy Interest Rates,Brazil,2013-02-15,7.25,Harian,Poin
Policy Interest Rates,Brazil,2013-02-18,7.25,Harian,Poin
Policy Interest Rates,Brazil,2013-02-19,7.25,Harian,Poin
Policy Interest Rates,Brazil,2013-02-20,7.25,Harian,Poin
Policy Interest Rates,Brazil,2013-02-21,7.25,Harian,Poin
Policy Interest Rates,Brazil,2013-02-22,7.25,Harian,Poin
Policy Interest Rates,Brazil,2013-02-25,7.25,Harian,Poin
Policy Interest Rates,Brazil,2013-02-26,7.25,Harian,Poin
Policy Interest Rates,Brazil,2013-02-27,7.25,Harian,Poin
Policy Interest Rates,Brazil,2013-02-28,7.25,Harian,Poin
Policy Interest Rates,Brazil,2013-03-01,7.25,Harian,Poin
Policy Interest Rates,Brazil,2013-03-04,7.25,Harian,Poin
Policy Interest Rates,Brazil,2013-03-05,7.25,Harian,Poin
Policy Interest Rates,Brazil,2013-03-06,7.25,Harian,Poin
Policy Interest Rates,Brazil,2013-03-07,7.25,Harian,Poin
Policy Interest Rates,Brazil,2013-03-08,7.25,Harian,Poin
Policy Interest Rates,Brazil,2013-03-11,7.25,Harian,Poin
Policy Interest Rates,Brazil,2013-03-12,7.25,Harian,Poin
Policy Interest Rates,Brazil,2013-03-13,7.25,Harian,Poin
Policy Interest Rates,Brazil,2013-03-14,7.25,Harian,Poin
Policy Interest Rates,Brazil,2013-03-15,7.25,Harian,Poin
Policy Interest Rates,Brazil,2013-03-18,7.25,Harian,Poin
Policy Interest Rates,Brazil,2013-03-19,7.25,Harian,Poin
Policy Interest Rates,Brazil,2013-03-20,7.25,Harian,Poin
Policy Interest Rates,Brazil,2013-03-21,7.25,Harian,Poin
Policy Interest Rates,Brazil,2013-03-22,7.25,Harian,Poin
Policy Interest Rates,Brazil,2013-03-25,7.25,Harian,Poin
Policy Interest Rates,Brazil,2013-03-26,7.25,Harian,Poin
Policy Interest Rates,Brazil,2013-03-27,7.25,Harian,Poin
Policy Interest Rates,Brazil,2013-03-28,7.25,Harian,Poin
Policy Interest Rates,Brazil,2013-04-01,7.25,Harian,Poin
Policy Interest Rates,Brazil,2013-04-02,7.25,Harian,Poin
Policy Interest Rates,Brazil,2013-04-03,7.25,Harian,Poin
Policy Interest Rates,Brazil,2013-04-04,7.25,Harian,Poin
Policy Interest Rates,Brazil,2013-04-05,7.25,Harian,Poin
Policy Interest Rates,Brazil,2013-04-08,7.25,Harian,Poin
Policy Interest Rates,Brazil,2013-04-09,7.25,Harian,Poin
Policy Interest Rates,Brazil,2013-04-10,7.25,Harian,Poin
Policy Interest Rates,Brazil,2013-04-11,7.25,Harian,Poin
Policy Interest Rates,Brazil,2013-04-12,7.25,Harian,Poin
Policy Interest Rates,Brazil,2013-04-15,7.25,Harian,Poin
Policy Interest Rates,Brazil,2013-04-16,7.25,Harian,Poin
Policy Interest Rates,Brazil,2013-04-17,7.5,Harian,Poin
Policy Interest Rates,Brazil,2013-04-18,7.5,Harian,Poin
Policy Interest Rates,Brazil,2013-04-19,7.5,Harian,Poin
Policy Interest Rates,Brazil,2013-04-22,7.5,Harian,Poin
Policy Interest Rates,Brazil,2013-04-23,7.5,Harian,Poin
Policy Interest Rates,Brazil,2013-04-24,7.5,Harian,Poin
Policy Interest Rates,Brazil,2013-04-25,7.5,Harian,Poin
Policy Interest Rates,Brazil,2013-04-26,7.5,Harian,Poin
Policy Interest Rates,Brazil,2013-04-29,7.5,Harian,Poin
Policy Interest Rates,Brazil,2013-04-30,7.5,Harian,Poin
Policy Interest Rates,Brazil,2013-05-02,7.5,Harian,Poin
Policy Interest Rates,Brazil,2013-05-03,7.5,Harian,Poin
Policy Interest Rates,Brazil,2013-05-06,7.5,Harian,Poin
Policy Interest Rates,Brazil,2013-05-07,7.5,Harian,Poin
Policy Interest Rates,Brazil,2013-05-08,7.5,Harian,Poin
Policy Interest Rates,Brazil,2013-05-09,7.5,Harian,Poin
Policy Interest Rates,Brazil,2013-05-10,7.5,Harian,Poin
Policy Interest Rates,Brazil,2013-05-13,7.5,Harian,Poin
Policy Interest Rates,Brazil,2013-05-14,7.5,Harian,Poin
Policy Interest Rates,Brazil,2013-05-15,7.5,Harian,Poin
Policy Interest Rates,Brazil,2013-05-16,7.5,Harian,Poin
Policy Interest Rates,Brazil,2013-05-17,7.5,Harian,Poin
Policy Interest Rates,Brazil,2013-05-20,7.5,Harian,Poin
Policy Interest Rates,Brazil,2013-05-21,7.5,Harian,Poin
Policy Interest Rates,Brazil,2013-05-22,7.5,Harian,Poin
Policy Interest Rates,Brazil,2013-05-23,7.5,Harian,Poin
Policy Interest Rates,Brazil,2013-05-24,7.5,Harian,Poin
Policy Interest Rates,Brazil,2013-05-27,7.5,Harian,Poin
Policy Interest Rates,Brazil,2013-05-28,7.5,Harian,Poin
Policy Interest Rates,Brazil,2013-05-29,8,Harian,Poin
Policy Interest Rates,Brazil,2013-05-31,8,Harian,Poin
Policy Interest Rates,Brazil,2013-06-03,8,Harian,Poin
Policy Interest Rates,Brazil,2013-06-04,8,Harian,Poin
Policy Interest Rates,Brazil,2013-06-05,8,Harian,Poin
Policy Interest Rates,Brazil,2013-06-06,8,Harian,Poin
Policy Interest Rates,Brazil,2013-06-07,8,Harian,Poin
Policy Interest Rates,Brazil,2013-06-10,8,Harian,Poin
Policy Interest Rates,Brazil,2013-06-11,8,Harian,Poin
Policy Interest Rates,Brazil,2013-06-12,8,Harian,Poin
Policy Interest Rates,Brazil,2013-06-13,8,Harian,Poin
Policy Interest Rates,Brazil,2013-06-14,8,Harian,Poin
Policy Interest Rates,Brazil,2013-06-17,8,Harian,Poin
Policy Interest Rates,Brazil,2013-06-18,8,Harian,Poin
Policy Interest Rates,Brazil,2013-06-19,8,Harian,Poin
Policy Interest Rates,Brazil,2013-06-20,8,Harian,Poin
Policy Interest Rates,Brazil,2013-06-21,8,Harian,Poin
Policy Interest Rates,Brazil,2013-06-24,8,Harian,Poin
Policy Interest Rates,Brazil,2013-06-25,8,Harian,Poin
Policy Interest Rates,Brazil,2013-06-26,8,Harian,Poin
Policy Interest Rates,Brazil,2013-06-27,8,Harian,Poin
Policy Interest Rates,Brazil,2013-06-28,8,Harian,Poin
Policy Interest Rates,Brazil,2013-07-01,8,Harian,Poin
Policy Interest Rates,Brazil,2013-07-02,8,Harian,Poin
Policy Interest Rates,Brazil,2013-07-03,8,Harian,Poin
Policy Interest Rates,Brazil,2013-07-04,8,Harian,Poin
Policy Interest Rates,Brazil,2013-07-05,8,Harian,Poin
Policy Interest Rates,Brazil,2013-07-08,8,Harian,Poin
Policy Interest Rates,Brazil,2013-07-09,8,Harian,Poin
Policy Interest Rates,Brazil,2013-07-10,8.5,Harian,Poin
Policy Interest Rates,Brazil,2013-07-11,8.5,Harian,Poin
Policy Interest Rates,Brazil,2013-07-12,8.5,Harian,Poin
Policy Interest Rates,Brazil,2013-07-15,8.5,Harian,Poin
Policy Interest Rates,Brazil,2013-07-16,8.5,Harian,Poin
Policy Interest Rates,Brazil,2013-07-17,8.5,Harian,Poin
Policy Interest Rates,Brazil,2013-07-18,8.5,Harian,Poin
Policy Interest Rates,Brazil,2013-07-19,8.5,Harian,Poin
Policy Interest Rates,Brazil,2013-07-22,8.5,Harian,Poin
Policy Interest Rates,Brazil,2013-07-23,8.5,Harian,Poin
Policy Interest Rates,Brazil,2013-07-24,8.5,Harian,Poin
Policy Interest Rates,Brazil,2013-07-25,8.5,Harian,Poin
Policy Interest Rates,Brazil,2013-07-26,8.5,Harian,Poin
Policy Interest Rates,Brazil,2013-07-29,8.5,Harian,Poin
Policy Interest Rates,Brazil,2013-07-30,8.5,Harian,Poin
Policy Interest Rates,Brazil,2013-07-31,8.5,Harian,Poin
Policy Interest Rates,Brazil,2013-08-01,8.5,Harian,Poin
Policy Interest Rates,Brazil,2013-08-02,8.5,Harian,Poin
Policy Interest Rates,Brazil,2013-08-05,8.5,Harian,Poin
Policy Interest Rates,Brazil,2013-08-06,8.5,Harian,Poin
Policy Interest Rates,Brazil,2013-08-07,8.5,Harian,Poin
Policy Interest Rates,Brazil,2013-08-08,8.5,Harian,Poin
Policy Interest Rates,Brazil,2013-08-09,8.5,Harian,Poin
Policy Interest Rates,Brazil,2013-08-12,8.5,Harian,Poin
Policy Interest Rates,Brazil,2013-08-13,8.5,Harian,Poin
Policy Interest Rates,Brazil,2013-08-14,8.5,Harian,Poin
Policy Interest Rates,Brazil,2013-08-15,8.5,Harian,Poin
Policy Interest Rates,Brazil,2013-08-16,8.5,Harian,Poin
Policy Interest Rates,Brazil,2013-08-19,8.5,Harian,Poin
Policy Interest Rates,Brazil,2013-08-20,8.5,Harian,Poin
Policy Interest Rates,Brazil,2013-08-21,8.5,Harian,Poin
Policy Interest Rates,Brazil,2013-08-22,8.5,Harian,Poin
Policy Interest Rates,Brazil,2013-08-23,8.5,Harian,Poin
Policy Interest Rates,Brazil,2013-08-26,8.5,Harian,Poin
Policy Interest Rates,Brazil,2013-08-27,8.5,Harian,Poin
Policy Interest Rates,Brazil,2013-08-28,9,Harian,Poin
Policy Interest Rates,Brazil,2013-08-29,9,Harian,Poin
Policy Interest Rates,Brazil,2013-08-30,9,Harian,Poin
Policy Interest Rates,Brazil,2013-09-02,9,Harian,Poin
Policy Interest Rates,Brazil,2013-09-03,9,Harian,Poin
Policy Interest Rates,Brazil,2013-09-04,9,Harian,Poin
Policy Interest Rates,Brazil,2013-09-05,9,Harian,Poin
Policy Interest Rates,Brazil,2013-09-06,9,Harian,Poin
Policy Interest Rates,Brazil,2013-09-09,9,Harian,Poin
Policy Interest Rates,Brazil,2013-09-10,9,Harian,Poin
Policy Interest Rates,Brazil,2013-09-11,9,Harian,Poin
Policy Interest Rates,Brazil,2013-09-12,9,Harian,Poin
Policy Interest Rates,Brazil,2013-09-13,9,Harian,Poin
Policy Interest Rates,Brazil,2013-09-16,9,Harian,Poin
Policy Interest Rates,Brazil,2013-09-17,9,Harian,Poin
Policy Interest Rates,Brazil,2013-09-18,9,Harian,Poin
Policy Interest Rates,Brazil,2013-09-19,9,Harian,Poin
Policy Interest Rates,Brazil,2013-09-20,9,Harian,Poin
Policy Interest Rates,Brazil,2013-09-23,9,Harian,Poin
Policy Interest Rates,Brazil,2013-09-24,9,Harian,Poin
Policy Interest Rates,Brazil,2013-09-25,9,Harian,Poin
Policy Interest Rates,Brazil,2013-09-26,9,Harian,Poin
Policy Interest Rates,Brazil,2013-09-27,9,Harian,Poin
Policy Interest Rates,Brazil,2013-09-30,9,Harian,Poin
Policy Interest Rates,Brazil,2013-10-01,9,Harian,Poin
Policy Interest Rates,Brazil,2013-10-02,9,Harian,Poin
Policy Interest Rates,Brazil,2013-10-03,9,Harian,Poin
Policy Interest Rates,Brazil,2013-10-04,9,Harian,Poin
Policy Interest Rates,Brazil,2013-10-07,9,Harian,Poin
Policy Interest Rates,Brazil,2013-10-08,9,Harian,Poin
Policy Interest Rates,Brazil,2013-10-09,9.5,Harian,Poin
Policy Interest Rates,Brazil,2013-10-10,9.5,Harian,Poin
Policy Interest Rates,Brazil,2013-10-11,9.5,Harian,Poin
Policy Interest Rates,Brazil,2013-10-14,9.5,Harian,Poin
Policy Interest Rates,Brazil,2013-10-15,9.5,Harian,Poin
Policy Interest Rates,Brazil,2013-10-16,9.5,Harian,Poin
Policy Interest Rates,Brazil,2013-10-17,9.5,Harian,Poin
Policy Interest Rates,Brazil,2013-10-18,9.5,Harian,Poin
Policy Interest Rates,Brazil,2013-10-21,9.5,Harian,Poin
Policy Interest Rates,Brazil,2013-10-22,9.5,Harian,Poin
Policy Interest Rates,Brazil,2013-10-23,9.5,Harian,Poin
Policy Interest Rates,Brazil,2013-10-24,9.5,Harian,Poin
Policy Interest Rates,Brazil,2013-10-25,9.5,Harian,Poin
Policy Interest Rates,Brazil,2013-10-28,9.5,Harian,Poin
Policy Interest Rates,Brazil,2013-10-29,9.5,Harian,Poin
Policy Interest Rates,Brazil,2013-10-30,9.5,Harian,Poin
Policy Interest Rates,Brazil,2013-10-31,9.5,Harian,Poin
Policy Interest Rates,Brazil,2013-11-01,9.5,Harian,Poin
Policy Interest Rates,Brazil,2013-11-04,9.5,Harian,Poin
Policy Interest Rates,Brazil,2013-11-05,9.5,Harian,Poin
Policy Interest Rates,Brazil,2013-11-06,9.5,Harian,Poin
Policy Interest Rates,Brazil,2013-11-07,9.5,Harian,Poin
Policy Interest Rates,Brazil,2013-11-08,9.5,Harian,Poin
Policy Interest Rates,Brazil,2013-11-11,9.5,Harian,Poin
Policy Interest Rates,Brazil,2013-11-12,9.5,Harian,Poin
Policy Interest Rates,Brazil,2013-11-13,9.5,Harian,Poin
Policy Interest Rates,Brazil,2013-11-14,9.5,Harian,Poin
Policy Interest Rates,Brazil,2013-11-15,9.5,Harian,Poin
Policy Interest Rates,Brazil,2013-11-18,9.5,Harian,Poin
Policy Interest Rates,Brazil,2013-11-19,9.5,Harian,Poin
Policy Interest Rates,Brazil,2013-11-20,9.5,Harian,Poin
Policy Interest Rates,Brazil,2013-11-21,9.5,Harian,Poin
Policy Interest Rates,Brazil,2013-11-22,9.5,Harian,Poin
Policy Interest Rates,Brazil,2013-11-25,9.5,Harian,Poin
Policy Interest Rates,Brazil,2013-11-26,9.5,Harian,Poin
Policy Interest Rates,Brazil,2013-11-27,10,Harian,Poin
Policy Interest Rates,Brazil,2013-11-28,10,Harian,Poin
Policy Interest Rates,Brazil,2013-11-29,10,Harian,Poin
Policy Interest Rates,Brazil,2013-12-02,10,Harian,Poin
Policy Interest Rates,Brazil,2013-12-03,10,Harian,Poin
Policy Interest Rates,Brazil,2013-12-04,10,Harian,Poin
Policy Interest Rates,Brazil,2013-12-05,10,Harian,Poin
Policy Interest Rates,Brazil,2013-12-06,10,Harian,Poin
Policy Interest Rates,Brazil,2013-12-09,10,Harian,Poin
Policy Interest Rates,Brazil,2013-12-10,10,Harian,Poin
Policy Interest Rates,Brazil,2013-12-11,10,Harian,Poin
Policy Interest Rates,Brazil,2013-12-12,10,Harian,Poin
Policy Interest Rates,Brazil,2013-12-13,10,Harian,Poin
Policy Interest Rates,Brazil,2013-12-16,10,Harian,Poin
Policy Interest Rates,Brazil,2013-12-17,10,Harian,Poin
Policy Interest Rates,Brazil,2013-12-18,10,Harian,Poin
Policy Interest Rates,Brazil,2013-12-19,10,Harian,Poin
Policy Interest Rates,Brazil,2013-12-20,10,Harian,Poin
Policy Interest Rates,Brazil,2013-12-23,10,Harian,Poin
Policy Interest Rates,Brazil,2013-12-24,10,Harian,Poin
Policy Interest Rates,Brazil,2013-12-25,10,Harian,Poin
Policy Interest Rates,Brazil,2013-12-26,10,Harian,Poin
Policy Interest Rates,Brazil,2013-12-27,10,Harian,Poin
Policy Interest Rates,Brazil,2013-12-30,10,Harian,Poin
Policy Interest Rates,Brazil,2013-12-31,10,Harian,Poin
Policy Interest Rates,Brazil,2014-01-01,10,Harian,Poin
Policy Interest Rates,Brazil,2014-01-02,10,Harian,Poin
Policy Interest Rates,Brazil,2014-01-03,10,Harian,Poin
Policy Interest Rates,Brazil,2014-01-06,10,Harian,Poin
Policy Interest Rates,Brazil,2014-01-07,10,Harian,Poin
Policy Interest Rates,Brazil,2014-01-08,10,Harian,Poin
Policy Interest Rates,Brazil,2014-01-09,10,Harian,Poin
Policy Interest Rates,Brazil,2014-01-10,10,Harian,Poin
Policy Interest Rates,Brazil,2014-01-13,10,Harian,Poin
Policy Interest Rates,Brazil,2014-01-14,10,Harian,Poin
Policy Interest Rates,Brazil,2014-01-15,10.5,Harian,Poin
Policy Interest Rates,Brazil,2014-01-16,10.5,Harian,Poin
Policy Interest Rates,Brazil,2014-01-17,10.5,Harian,Poin
Policy Interest Rates,Brazil,2014-01-20,10.5,Harian,Poin
Policy Interest Rates,Brazil,2014-01-21,10.5,Harian,Poin
Policy Interest Rates,Brazil,2014-01-22,10.5,Harian,Poin
Policy Interest Rates,Brazil,2014-01-23,10.5,Harian,Poin
Policy Interest Rates,Brazil,2014-01-24,10.5,Harian,Poin
Policy Interest Rates,Brazil,2014-01-27,10.5,Harian,Poin
Policy Interest Rates,Brazil,2014-01-28,10.5,Harian,Poin
Policy Interest Rates,Brazil,2014-01-29,10.5,Harian,Poin
Policy Interest Rates,Brazil,2014-01-30,10.5,Harian,Poin
Policy Interest Rates,Brazil,2014-01-31,10.5,Harian,Poin
Policy Interest Rates,Brazil,2014-02-03,10.5,Harian,Poin
Policy Interest Rates,Brazil,2014-02-04,10.5,Harian,Poin
Policy Interest Rates,Brazil,2014-02-05,10.5,Harian,Poin
Policy Interest Rates,Brazil,2014-02-06,10.5,Harian,Poin
Policy Interest Rates,Brazil,2014-02-07,10.5,Harian,Poin
Policy Interest Rates,Brazil,2014-02-10,10.5,Harian,Poin
Policy Interest Rates,Brazil,2014-02-11,10.5,Harian,Poin
Policy Interest Rates,Brazil,2014-02-12,10.5,Harian,Poin
Policy Interest Rates,Brazil,2014-02-13,10.5,Harian,Poin
Policy Interest Rates,Brazil,2014-02-14,10.5,Harian,Poin
Policy Interest Rates,Brazil,2014-02-17,10.5,Harian,Poin
Policy Interest Rates,Brazil,2014-02-18,10.5,Harian,Poin
Policy Interest Rates,Brazil,2014-02-19,10.5,Harian,Poin
Policy Interest Rates,Brazil,2014-02-20,10.5,Harian,Poin
Policy Interest Rates,Brazil,2014-02-21,10.5,Harian,Poin
Policy Interest Rates,Brazil,2014-02-24,10.5,Harian,Poin
Policy Interest Rates,Brazil,2014-02-25,10.5,Harian,Poin
Policy Interest Rates,Brazil,2014-02-26,10.75,Harian,Poin
Policy Interest Rates,Brazil,2014-02-27,10.75,Harian,Poin
Policy Interest Rates,Brazil,2014-02-28,10.75,Harian,Poin
Policy Interest Rates,Brazil,2014-03-03,10.75,Harian,Poin
Policy Interest Rates,Brazil,2014-03-04,10.75,Harian,Poin
Policy Interest Rates,Brazil,2014-03-05,10.75,Harian,Poin
Policy Interest Rates,Brazil,2014-03-06,10.75,Harian,Poin
Policy Interest Rates,Brazil,2014-03-07,10.75,Harian,Poin
Policy Interest Rates,Brazil,2014-03-10,10.75,Harian,Poin
Policy Interest Rates,Brazil,2014-03-11,10.75,Harian,Poin
Policy Interest Rates,Brazil,2014-03-12,10.75,Harian,Poin
Policy Interest Rates,Brazil,2014-03-13,10.75,Harian,Poin
Policy Interest Rates,Brazil,2014-03-14,10.75,Harian,Poin
Policy Interest Rates,Brazil,2014-03-17,10.75,Harian,Poin
Policy Interest Rates,Brazil,2014-03-18,10.75,Harian,Poin
Policy Interest Rates,Brazil,2014-03-19,10.75,Harian,Poin
Policy Interest Rates,Brazil,2014-03-20,10.75,Harian,Poin
Policy Interest Rates,Brazil,2014-03-21,10.75,Harian,Poin
Policy Interest Rates,Brazil,2014-03-24,10.75,Harian,Poin
Policy Interest Rates,Brazil,2014-03-25,10.75,Harian,Poin
Policy Interest Rates,Brazil,2014-03-26,10.75,Harian,Poin
Policy Interest Rates,Brazil,2014-03-27,10.75,Harian,Poin
Policy Interest Rates,Brazil,2014-03-28,10.75,Harian,Poin
Policy Interest Rates,Brazil,2014-03-31,10.75,Harian,Poin
Policy Interest Rates,Brazil,2014-04-01,10.75,Harian,Poin
Policy Interest Rates,Brazil,2014-04-02,11,Harian,Poin
Policy Interest Rates,Brazil,2014-04-03,11,Harian,Poin
Policy Interest Rates,Brazil,2014-04-04,11,Harian,Poin
Policy Interest Rates,Brazil,2014-04-07,11,Harian,Poin
Policy Interest Rates,Brazil,2014-04-08,11,Harian,Poin
Policy Interest Rates,Brazil,2014-04-09,11,Harian,Poin
Policy Interest Rates,Brazil,2014-04-10,11,Harian,Poin
Policy Interest Rates,Brazil,2014-04-11,11,Harian,Poin
Policy Interest Rates,Brazil,2014-04-14,11,Harian,Poin
Policy Interest Rates,Brazil,2014-04-15,11,Harian,Poin
Policy Interest Rates,Brazil,2014-04-16,11,Harian,Poin
Policy Interest Rates,Brazil,2014-04-17,11,Harian,Poin
Policy Interest Rates,Brazil,2014-04-18,11,Harian,Poin
Policy Interest Rates,Brazil,2014-04-21,11,Harian,Poin
Policy Interest Rates,Brazil,2014-04-22,11,Harian,Poin
Policy Interest Rates,Brazil,2014-04-23,11,Harian,Poin
Policy Interest Rates,Brazil,2014-04-24,11,Harian,Poin
Policy Interest Rates,Brazil,2014-04-25,11,Harian,Poin
Policy Interest Rates,Brazil,2014-04-28,11,Harian,Poin
Policy Interest Rates,Brazil,2014-04-29,11,Harian,Poin
Policy Interest Rates,Brazil,2014-04-30,11,Harian,Poin
Policy Interest Rates,Brazil,2014-05-01,11,Harian,Poin
Policy Interest Rates,Brazil,2014-05-02,11,Harian,Poin
Policy Interest Rates,Brazil,2014-05-05,11,Harian,Poin
Policy Interest Rates,Brazil,2014-05-06,11,Harian,Poin
Policy Interest Rates,Brazil,2014-05-07,11,Harian,Poin
Policy Interest Rates,Brazil,2014-05-08,11,Harian,Poin
Policy Interest Rates,Brazil,2014-05-09,11,Harian,Poin
Policy Interest Rates,Brazil,2014-05-12,11,Harian,Poin
Policy Interest Rates,Brazil,2014-05-13,11,Harian,Poin
Policy Interest Rates,Brazil,2014-05-14,11,Harian,Poin
Policy Interest Rates,Brazil,2014-05-15,11,Harian,Poin
Policy Interest Rates,Brazil,2014-05-16,11,Harian,Poin
Policy Interest Rates,Brazil,2014-05-19,11,Harian,Poin
Policy Interest Rates,Brazil,2014-05-20,11,Harian,Poin
Policy Interest Rates,Brazil,2014-05-21,11,Harian,Poin
Policy Interest Rates,Brazil,2014-05-22,11,Harian,Poin
Policy Interest Rates,Brazil,2014-05-23,11,Harian,Poin
Policy Interest Rates,Brazil,2014-05-26,11,Harian,Poin
Policy Interest Rates,Brazil,2014-05-27,11,Harian,Poin
Policy Interest Rates,Brazil,2014-05-28,11,Harian,Poin
Policy Interest Rates,Brazil,2014-05-29,11,Harian,Poin
Policy Interest Rates,Brazil,2014-05-30,11,Harian,Poin
Policy Interest Rates,Brazil,2014-06-02,11,Harian,Poin
Policy Interest Rates,Brazil,2014-06-03,11,Harian,Poin
Policy Interest Rates,Brazil,2014-06-04,11,Harian,Poin
Policy Interest Rates,Brazil,2014-06-05,11,Harian,Poin
Policy Interest Rates,Brazil,2014-06-06,11,Harian,Poin
Policy Interest Rates,Brazil,2014-06-09,11,Harian,Poin
Policy Interest Rates,Brazil,2014-06-10,11,Harian,Poin
Policy Interest Rates,Brazil,2014-06-11,11,Harian,Poin
Policy Interest Rates,Brazil,2014-06-12,11,Harian,Poin
Policy Interest Rates,Brazil,2014-06-13,11,Harian,Poin
Policy Interest Rates,Brazil,2014-06-16,11,Harian,Poin
Policy Interest Rates,Brazil,2014-06-17,11,Harian,Poin
Policy Interest Rates,Brazil,2014-06-18,11,Harian,Poin
Policy Interest Rates,Brazil,2014-06-19,11,Harian,Poin
Policy Interest Rates,Brazil,2014-06-20,11,Harian,Poin
Policy Interest Rates,Brazil,2014-06-23,11,Harian,Poin
Policy Interest Rates,Brazil,2014-06-24,11,Harian,Poin
Policy Interest Rates,Brazil,2014-06-25,11,Harian,Poin
Policy Interest Rates,Brazil,2014-06-26,11,Harian,Poin
Policy Interest Rates,Brazil,2014-06-27,11,Harian,Poin
Policy Interest Rates,Brazil,2014-06-30,11,Harian,Poin
Policy Interest Rates,Brazil,2014-07-01,11,Harian,Poin
Policy Interest Rates,Brazil,2014-07-02,11,Harian,Poin
Policy Interest Rates,Brazil,2014-07-03,11,Harian,Poin
Policy Interest Rates,Brazil,2014-07-04,11,Harian,Poin
Policy Interest Rates,Brazil,2014-07-07,11,Harian,Poin
Policy Interest Rates,Brazil,2014-07-08,11,Harian,Poin
Policy Interest Rates,Brazil,2014-07-09,11,Harian,Poin
Policy Interest Rates,Brazil,2014-07-10,11,Harian,Poin
Policy Interest Rates,Brazil,2014-07-11,11,Harian,Poin
Policy Interest Rates,Brazil,2014-07-14,11,Harian,Poin
Policy Interest Rates,Brazil,2014-07-15,11,Harian,Poin
Policy Interest Rates,Brazil,2014-07-16,11,Harian,Poin
Policy Interest Rates,Brazil,2014-07-17,11,Harian,Poin
Policy Interest Rates,Brazil,2014-07-18,11,Harian,Poin
Policy Interest Rates,Brazil,2014-07-21,11,Harian,Poin
Policy Interest Rates,Brazil,2014-07-22,11,Harian,Poin
Policy Interest Rates,Brazil,2014-07-23,11,Harian,Poin
Policy Interest Rates,Brazil,2014-07-24,11,Harian,Poin
Policy Interest Rates,Brazil,2014-07-25,11,Harian,Poin
Policy Interest Rates,Brazil,2014-07-28,11,Harian,Poin
Policy Interest Rates,Brazil,2014-07-29,11,Harian,Poin
Policy Interest Rates,Brazil,2014-07-30,11,Harian,Poin
Policy Interest Rates,Brazil,2014-07-31,11,Harian,Poin
Policy Interest Rates,Brazil,2014-08-01,11,Harian,Poin
Policy Interest Rates,Brazil,2014-08-04,11,Harian,Poin
Policy Interest Rates,Brazil,2014-08-05,11,Harian,Poin
Policy Interest Rates,Brazil,2014-08-06,11,Harian,Poin
Policy Interest Rates,Brazil,2014-08-07,11,Harian,Poin
Policy Interest Rates,Brazil,2014-08-08,11,Harian,Poin
Policy Interest Rates,Brazil,2014-08-11,11,Harian,Poin
Policy Interest Rates,Brazil,2014-08-12,11,Harian,Poin
Policy Interest Rates,Brazil,2014-08-13,11,Harian,Poin
Policy Interest Rates,Brazil,2014-08-14,11,Harian,Poin
Policy Interest Rates,Brazil,2014-08-15,11,Harian,Poin
Policy Interest Rates,Brazil,2014-08-18,11,Harian,Poin
Policy Interest Rates,Brazil,2014-08-19,11,Harian,Poin
Policy Interest Rates,Brazil,2014-08-20,11,Harian,Poin
Policy Interest Rates,Brazil,2014-08-21,11,Harian,Poin
Policy Interest Rates,Brazil,2014-08-22,11,Harian,Poin
Policy Interest Rates,Brazil,2014-08-25,11,Harian,Poin
Policy Interest Rates,Brazil,2014-08-26,11,Harian,Poin
Policy Interest Rates,Brazil,2014-08-27,11,Harian,Poin
Policy Interest Rates,Brazil,2014-08-28,11,Harian,Poin
Policy Interest Rates,Brazil,2014-08-29,11,Harian,Poin
Policy Interest Rates,Brazil,2014-09-01,11,Harian,Poin
Policy Interest Rates,Brazil,2014-09-02,11,Harian,Poin
Policy Interest Rates,Brazil,2014-09-03,11,Harian,Poin
Policy Interest Rates,Brazil,2014-09-04,11,Harian,Poin
Policy Interest Rates,Brazil,2014-09-05,11,Harian,Poin
Policy Interest Rates,Brazil,2014-09-08,11,Harian,Poin
Policy Interest Rates,Brazil,2014-09-09,11,Harian,Poin
Policy Interest Rates,Brazil,2014-09-10,11,Harian,Poin
Policy Interest Rates,Brazil,2014-09-11,11,Harian,Poin
Policy Interest Rates,Brazil,2014-09-12,11,Harian,Poin
Policy Interest Rates,Brazil,2014-09-15,11,Harian,Poin
Policy Interest Rates,Brazil,2014-09-16,11,Harian,Poin
Policy Interest Rates,Brazil,2014-09-17,11,Harian,Poin
Policy Interest Rates,Brazil,2014-09-18,11,Harian,Poin
Policy Interest Rates,Brazil,2014-09-19,11,Harian,Poin
Policy Interest Rates,Brazil,2014-09-22,11,Harian,Poin
Policy Interest Rates,Brazil,2014-09-23,11,Harian,Poin
Policy Interest Rates,Brazil,2014-09-24,11,Harian,Poin
Policy Interest Rates,Brazil,2014-09-25,11,Harian,Poin
Policy Interest Rates,Brazil,2014-09-26,11,Harian,Poin
Policy Interest Rates,Brazil,2014-09-29,11,Harian,Poin
Policy Interest Rates,Brazil,2014-09-30,11,Harian,Poin
Policy Interest Rates,Brazil,2014-10-01,11,Harian,Poin
Policy Interest Rates,Brazil,2014-10-02,11,Harian,Poin
Policy Interest Rates,Brazil,2014-10-03,11,Harian,Poin
Policy Interest Rates,Brazil,2014-10-06,11,Harian,Poin
Policy Interest Rates,Brazil,2014-10-07,11,Harian,Poin
Policy Interest Rates,Brazil,2014-10-08,11,Harian,Poin
Policy Interest Rates,Brazil,2014-10-09,11,Harian,Poin
Policy Interest Rates,Brazil,2014-10-10,11,Harian,Poin
Policy Interest Rates,Brazil,2014-10-13,11,Harian,Poin
Policy Interest Rates,Brazil,2014-10-14,11,Harian,Poin
Policy Interest Rates,Brazil,2014-10-15,11,Harian,Poin
Policy Interest Rates,Brazil,2014-10-16,11,Harian,Poin
Policy Interest Rates,Brazil,2014-10-17,11,Harian,Poin
Policy Interest Rates,Brazil,2014-10-20,11,Harian,Poin
Policy Interest Rates,Brazil,2014-10-21,11,Harian,Poin
Policy Interest Rates,Brazil,2014-10-22,11,Harian,Poin
Policy Interest Rates,Brazil,2014-10-23,11,Harian,Poin
Policy Interest Rates,Brazil,2014-10-24,11,Harian,Poin
Policy Interest Rates,Brazil,2014-10-27,11,Harian,Poin
Policy Interest Rates,Brazil,2014-10-28,11,Harian,Poin
Policy Interest Rates,Brazil,2014-10-29,11.25,Harian,Poin
Policy Interest Rates,Brazil,2014-10-30,11.25,Harian,Poin
Policy Interest Rates,Brazil,2014-11-03,11.25,Harian,Poin
Policy Interest Rates,Brazil,2014-11-04,11.25,Harian,Poin
Policy Interest Rates,Brazil,2014-11-05,11.25,Harian,Poin
Policy Interest Rates,Brazil,2014-11-06,11.25,Harian,Poin
Policy Interest Rates,Brazil,2014-11-07,11.25,Harian,Poin
Policy Interest Rates,Brazil,2014-11-10,11.25,Harian,Poin
Policy Interest Rates,Brazil,2014-11-11,11.25,Harian,Poin
Policy Interest Rates,Brazil,2014-11-12,11.25,Harian,Poin
Policy Interest Rates,Brazil,2014-11-13,11.25,Harian,Poin
Policy Interest Rates,Brazil,2014-11-17,11.25,Harian,Poin
Policy Interest Rates,Brazil,2014-11-18,11.25,Harian,Poin
Policy Interest Rates,Brazil,2014-11-19,11.25,Harian,Poin
Policy Interest Rates,Brazil,2014-11-20,11.25,Harian,Poin
Policy Interest Rates,Brazil,2014-11-21,11.25,Harian,Poin
Policy Interest Rates,Brazil,2014-11-24,11.25,Harian,Poin
Policy Interest Rates,Brazil,2014-11-25,11.25,Harian,Poin
Policy Interest Rates,Brazil,2014-11-26,11.25,Harian,Poin
Policy Interest Rates,Brazil,2014-11-27,11.25,Harian,Poin
Policy Interest Rates,Brazil,2014-11-28,11.25,Harian,Poin
Policy Interest Rates,Brazil,2014-12-01,11.25,Harian,Poin
Policy Interest Rates,Brazil,2014-12-02,11.25,Harian,Poin
Policy Interest Rates,Brazil,2014-12-03,11.75,Harian,Poin
Policy Interest Rates,Brazil,2014-12-04,11.75,Harian,Poin
Policy Interest Rates,Brazil,2014-12-05,11.75,Harian,Poin
Policy Interest Rates,Brazil,2014-12-08,11.75,Harian,Poin
Policy Interest Rates,Brazil,2014-12-09,11.75,Harian,Poin
Policy Interest Rates,Brazil,2014-12-10,11.75,Harian,Poin
Policy Interest Rates,Brazil,2014-12-11,11.75,Harian,Poin
Policy Interest Rates,Brazil,2014-12-12,11.75,Harian,Poin
Policy Interest Rates,Brazil,2014-12-15,11.75,Harian,Poin
Policy Interest Rates,Brazil,2014-12-16,11.75,Harian,Poin
Policy Interest Rates,Brazil,2014-12-17,11.75,Harian,Poin
Policy Interest Rates,Brazil,2014-12-18,11.75,Harian,Poin
Policy Interest Rates,Brazil,2014-12-19,11.75,Harian,Poin
Policy Interest Rates,Brazil,2014-12-22,11.75,Harian,Poin
Policy Interest Rates,Brazil,2014-12-23,11.75,Harian,Poin
Policy Interest Rates,Brazil,2014-12-24,11.75,Harian,Poin
Policy Interest Rates,Brazil,2014-12-25,11.75,Harian,Poin
Policy Interest Rates,Brazil,2014-12-26,11.75,Harian,Poin
Policy Interest Rates,Brazil,2014-12-29,11.75,Harian,Poin
Policy Interest Rates,Brazil,2014-12-30,11.75,Harian,Poin
Policy Interest Rates,Brazil,2014-12-31,11.75,Harian,Poin
Policy Interest Rates,Brazil,2015-01-01,11.75,Harian,Poin
Policy Interest Rates,Brazil,2015-01-02,11.75,Harian,Poin
Policy Interest Rates,Brazil,2015-01-05,11.75,Harian,Poin
Policy Interest Rates,Brazil,2015-01-06,11.75,Harian,Poin
Policy Interest Rates,Brazil,2015-01-07,11.75,Harian,Poin
Policy Interest Rates,Brazil,2015-01-08,11.75,Harian,Poin
Policy Interest Rates,Brazil,2015-01-09,11.75,Harian,Poin
Policy Interest Rates,Brazil,2015-01-12,11.75,Harian,Poin
Policy Interest Rates,Brazil,2015-01-13,11.75,Harian,Poin
Policy Interest Rates,Brazil,2015-01-14,11.75,Harian,Poin
Policy Interest Rates,Brazil,2015-01-15,11.75,Harian,Poin
Policy Interest Rates,Brazil,2015-01-16,11.75,Harian,Poin
Policy Interest Rates,Brazil,2015-01-19,11.75,Harian,Poin
Policy Interest Rates,Brazil,2015-01-20,11.75,Harian,Poin
Policy Interest Rates,Brazil,2015-01-21,12.25,Harian,Poin
Policy Interest Rates,Brazil,2015-01-22,12.25,Harian,Poin
Policy Interest Rates,Brazil,2015-01-23,12.25,Harian,Poin
Policy Interest Rates,Brazil,2015-01-26,12.25,Harian,Poin
Policy Interest Rates,Brazil,2015-01-27,12.25,Harian,Poin
Policy Interest Rates,Brazil,2015-01-28,12.25,Harian,Poin
Policy Interest Rates,Brazil,2015-01-29,12.25,Harian,Poin
Policy Interest Rates,Brazil,2015-01-30,12.25,Harian,Poin
Policy Interest Rates,Brazil,2015-02-02,12.25,Harian,Poin
Policy Interest Rates,Brazil,2015-02-03,12.25,Harian,Poin
Policy Interest Rates,Brazil,2015-02-04,12.25,Harian,Poin
Policy Interest Rates,Brazil,2015-02-05,12.25,Harian,Poin
Policy Interest Rates,Brazil,2015-02-06,12.25,Harian,Poin
Policy Interest Rates,Brazil,2015-02-09,12.25,Harian,Poin
Policy Interest Rates,Brazil,2015-02-10,12.25,Harian,Poin
Policy Interest Rates,Brazil,2015-02-11,12.25,Harian,Poin
Policy Interest Rates,Brazil,2015-02-12,12.25,Harian,Poin
Policy Interest Rates,Brazil,2015-02-13,12.25,Harian,Poin
Policy Interest Rates,Brazil,2015-02-16,12.25,Harian,Poin
Policy Interest Rates,Brazil,2015-02-17,12.25,Harian,Poin
Policy Interest Rates,Brazil,2015-02-18,12.25,Harian,Poin
Policy Interest Rates,Brazil,2015-02-19,12.25,Harian,Poin
Policy Interest Rates,Brazil,2015-02-20,12.25,Harian,Poin
Policy Interest Rates,Brazil,2015-02-23,12.25,Harian,Poin
Policy Interest Rates,Brazil,2015-02-24,12.25,Harian,Poin
Policy Interest Rates,Brazil,2015-02-25,12.25,Harian,Poin
Policy Interest Rates,Brazil,2015-02-26,12.25,Harian,Poin
Policy Interest Rates,Brazil,2015-02-27,12.25,Harian,Poin
Policy Interest Rates,Brazil,2015-03-02,12.25,Harian,Poin
Policy Interest Rates,Brazil,2015-03-03,12.25,Harian,Poin
Policy Interest Rates,Brazil,2015-03-04,12.75,Harian,Poin
Policy Interest Rates,Brazil,2015-03-05,12.75,Harian,Poin
Policy Interest Rates,Brazil,2015-03-06,12.75,Harian,Poin
Policy Interest Rates,Brazil,2015-03-09,12.75,Harian,Poin
Policy Interest Rates,Brazil,2015-03-10,12.75,Harian,Poin
Policy Interest Rates,Brazil,2015-03-11,12.75,Harian,Poin
Policy Interest Rates,Brazil,2015-03-12,12.75,Harian,Poin
Policy Interest Rates,Brazil,2015-03-13,12.75,Harian,Poin
Policy Interest Rates,Brazil,2015-03-16,12.75,Harian,Poin
Policy Interest Rates,Brazil,2015-03-17,12.75,Harian,Poin
Policy Interest Rates,Brazil,2015-03-18,12.75,Harian,Poin
Policy Interest Rates,Brazil,2015-03-19,12.75,Harian,Poin
Policy Interest Rates,Brazil,2015-03-20,12.75,Harian,Poin
Policy Interest Rates,Brazil,2015-03-23,12.75,Harian,Poin
Policy Interest Rates,Brazil,2015-03-24,12.75,Harian,Poin
Policy Interest Rates,Brazil,2015-03-25,12.75,Harian,Poin
Policy Interest Rates,Brazil,2015-03-26,12.75,Harian,Poin
Policy Interest Rates,Brazil,2015-03-27,12.75,Harian,Poin
Policy Interest Rates,Brazil,2015-03-30,12.75,Harian,Poin
Policy Interest Rates,Brazil,2015-03-31,12.75,Harian,Poin
Policy Interest Rates,Brazil,2015-04-01,12.75,Harian,Poin
Policy Interest Rates,Brazil,2015-04-02,12.75,Harian,Poin
Policy Interest Rates,Brazil,2015-04-03,12.75,Harian,Poin
Policy Interest Rates,Brazil,2015-04-06,12.75,Harian,Poin
Policy Interest Rates,Brazil,2015-04-07,12.75,Harian,Poin
Policy Interest Rates,Brazil,2015-04-08,12.75,Harian,Poin
Policy Interest Rates,Brazil,2015-04-09,12.75,Harian,Poin
Policy Interest Rates,Brazil,2015-04-10,12.75,Harian,Poin
Policy Interest Rates,Brazil,2015-04-13,12.75,Harian,Poin
Policy Interest Rates,Brazil,2015-04-14,12.75,Harian,Poin
Policy Interest Rates,Brazil,2015-04-15,12.75,Harian,Poin
Policy Interest Rates,Brazil,2015-04-16,12.75,Harian,Poin
Policy Interest Rates,Brazil,2015-04-17,12.75,Harian,Poin
Policy Interest Rates,Brazil,2015-04-20,12.75,Harian,Poin
Policy Interest Rates,Brazil,2015-04-21,12.75,Harian,Poin
Policy Interest Rates,Brazil,2015-04-22,12.75,Harian,Poin
Policy Interest Rates,Brazil,2015-04-23,12.75,Harian,Poin
Policy Interest Rates,Brazil,2015-04-24,12.75,Harian,Poin
Policy Interest Rates,Brazil,2015-04-27,12.75,Harian,Poin
Policy Interest Rates,Brazil,2015-04-28,12.75,Harian,Poin
Policy Interest Rates,Brazil,2015-04-29,13.25,Harian,Poin
Policy Interest Rates,Brazil,2015-04-30,13.25,Harian,Poin
Policy Interest Rates,Brazil,2015-05-01,13.25,Harian,Poin
Policy Interest Rates,Brazil,2015-05-04,13.25,Harian,Poin
Policy Interest Rates,Brazil,2015-05-05,13.25,Harian,Poin
Policy Interest Rates,Brazil,2015-05-06,13.25,Harian,Poin
Policy Interest Rates,Brazil,2015-05-07,13.25,Harian,Poin
Policy Interest Rates,Brazil,2015-05-08,13.25,Harian,Poin
Policy Interest Rates,Brazil,2015-05-11,13.25,Harian,Poin
Policy Interest Rates,Brazil,2015-05-12,13.25,Harian,Poin
Policy Interest Rates,Brazil,2015-05-13,13.25,Harian,Poin
Policy Interest Rates,Brazil,2015-05-14,13.25,Harian,Poin
Policy Interest Rates,Brazil,2015-05-15,13.25,Harian,Poin
Policy Interest Rates,Brazil,2015-05-18,13.25,Harian,Poin
Policy Interest Rates,Brazil,2015-05-19,13.25,Harian,Poin
Policy Interest Rates,Brazil,2015-05-20,13.25,Harian,Poin
Policy Interest Rates,Brazil,2015-05-21,13.25,Harian,Poin
Policy Interest Rates,Brazil,2015-05-22,13.25,Harian,Poin
Policy Interest Rates,Brazil,2015-05-25,13.25,Harian,Poin
Policy Interest Rates,Brazil,2015-05-26,13.25,Harian,Poin
Policy Interest Rates,Brazil,2015-05-27,13.25,Harian,Poin
Policy Interest Rates,Brazil,2015-05-28,13.25,Harian,Poin
Policy Interest Rates,Brazil,2015-05-29,13.25,Harian,Poin
Policy Interest Rates,Brazil,2015-06-01,13.25,Harian,Poin
Policy Interest Rates,Brazil,2015-06-02,13.25,Harian,Poin
Policy Interest Rates,Brazil,2015-06-03,13.75,Harian,Poin
Policy Interest Rates,Brazil,2015-06-04,13.75,Harian,Poin
Policy Interest Rates,Brazil,2015-06-05,13.75,Harian,Poin
Policy Interest Rates,Brazil,2015-06-08,13.75,Harian,Poin
Policy Interest Rates,Brazil,2015-06-09,13.75,Harian,Poin
Policy Interest Rates,Brazil,2015-06-10,13.75,Harian,Poin
Policy Interest Rates,Brazil,2015-06-11,13.75,Harian,Poin
Policy Interest Rates,Brazil,2015-06-12,13.75,Harian,Poin
Policy Interest Rates,Brazil,2015-06-15,13.75,Harian,Poin
Policy Interest Rates,Brazil,2015-06-16,13.75,Harian,Poin
Policy Interest Rates,Brazil,2015-06-17,13.75,Harian,Poin
Policy Interest Rates,Brazil,2015-06-18,13.75,Harian,Poin
Policy Interest Rates,Brazil,2015-06-19,13.75,Harian,Poin
Policy Interest Rates,Brazil,2015-06-22,13.75,Harian,Poin
Policy Interest Rates,Brazil,2015-06-23,13.75,Harian,Poin
Policy Interest Rates,Brazil,2015-06-24,13.75,Harian,Poin
Policy Interest Rates,Brazil,2015-06-25,13.75,Harian,Poin
Policy Interest Rates,Brazil,2015-06-26,13.75,Harian,Poin
Policy Interest Rates,Brazil,2015-06-29,13.75,Harian,Poin
Policy Interest Rates,Brazil,2015-06-30,13.75,Harian,Poin
Policy Interest Rates,Brazil,2015-07-01,13.75,Harian,Poin
Policy Interest Rates,Brazil,2015-07-02,13.75,Harian,Poin
Policy Interest Rates,Brazil,2015-07-03,13.75,Harian,Poin
Policy Interest Rates,Brazil,2015-07-06,13.75,Harian,Poin
Policy Interest Rates,Brazil,2015-07-07,13.75,Harian,Poin
Policy Interest Rates,Brazil,2015-07-08,13.75,Harian,Poin
Policy Interest Rates,Brazil,2015-07-09,13.75,Harian,Poin
Policy Interest Rates,Brazil,2015-07-10,13.75,Harian,Poin
Policy Interest Rates,Brazil,2015-07-13,13.75,Harian,Poin
Policy Interest Rates,Brazil,2015-07-14,13.75,Harian,Poin
Policy Interest Rates,Brazil,2015-07-15,13.75,Harian,Poin
Policy Interest Rates,Brazil,2015-07-16,13.75,Harian,Poin
Policy Interest Rates,Brazil,2015-07-17,13.75,Harian,Poin
Policy Interest Rates,Brazil,2015-07-20,13.75,Harian,Poin
Policy Interest Rates,Brazil,2015-07-21,13.75,Harian,Poin
Policy Interest Rates,Brazil,2015-07-22,13.75,Harian,Poin
Policy Interest Rates,Brazil,2015-07-23,13.75,Harian,Poin
Policy Interest Rates,Brazil,2015-07-24,13.75,Harian,Poin
Policy Interest Rates,Brazil,2015-07-27,13.75,Harian,Poin
Policy Interest Rates,Brazil,2015-07-28,13.75,Harian,Poin
Policy Interest Rates,Brazil,2015-07-29,14.25,Harian,Poin
Policy Interest Rates,Brazil,2015-07-30,14.25,Harian,Poin
Policy Interest Rates,Brazil,2015-07-31,14.25,Harian,Poin
Policy Interest Rates,Brazil,2015-08-03,14.25,Harian,Poin
Policy Interest Rates,Brazil,2015-08-04,14.25,Harian,Poin
Policy Interest Rates,Brazil,2015-08-05,14.25,Harian,Poin
Policy Interest Rates,Brazil,2015-08-06,14.25,Harian,Poin
Policy Interest Rates,Brazil,2015-08-07,14.25,Harian,Poin
Policy Interest Rates,Brazil,2015-08-10,14.25,Harian,Poin
Policy Interest Rates,Brazil,2015-08-11,14.25,Harian,Poin
Policy Interest Rates,Brazil,2015-08-12,14.25,Harian,Poin
Policy Interest Rates,Brazil,2015-08-13,14.25,Harian,Poin
Policy Interest Rates,Brazil,2015-08-14,14.25,Harian,Poin
Policy Interest Rates,Brazil,2015-08-17,14.25,Harian,Poin
Policy Interest Rates,Brazil,2015-08-18,14.25,Harian,Poin
Policy Interest Rates,Brazil,2015-08-19,14.25,Harian,Poin
Policy Interest Rates,Brazil,2015-08-20,14.25,Harian,Poin
Policy Interest Rates,Brazil,2015-08-21,14.25,Harian,Poin
Policy Interest Rates,Brazil,2015-08-24,14.25,Harian,Poin
Policy Interest Rates,Brazil,2015-08-25,14.25,Harian,Poin
Policy Interest Rates,Brazil,2015-08-26,14.25,Harian,Poin
Policy Interest Rates,Brazil,2015-08-27,14.25,Harian,Poin
Policy Interest Rates,Brazil,2015-08-28,14.25,Harian,Poin
Policy Interest Rates,Brazil,2015-08-31,14.25,Harian,Poin
Policy Interest Rates,Brazil,2015-09-01,14.25,Harian,Poin
Policy Interest Rates,Brazil,2015-09-02,14.25,Harian,Poin
Policy Interest Rates,Brazil,2015-09-03,14.25,Harian,Poin
Policy Interest Rates,Brazil,2015-09-04,14.25,Harian,Poin
Policy Interest Rates,Brazil,2015-09-07,14.25,Harian,Poin
Policy Interest Rates,Brazil,2015-09-08,14.25,Harian,Poin
Policy Interest Rates,Brazil,2015-09-09,14.25,Harian,Poin
Policy Interest Rates,Brazil,2015-09-10,14.25,Harian,Poin
Policy Interest Rates,Brazil,2015-09-11,14.25,Harian,Poin
Policy Interest Rates,Brazil,2015-09-14,14.25,Harian,Poin
Policy Interest Rates,Brazil,2015-09-15,14.25,Harian,Poin
Policy Interest Rates,Brazil,2015-09-16,14.25,Harian,Poin
Policy Interest Rates,Brazil,2015-09-17,14.25,Harian,Poin
Policy Interest Rates,Brazil,2015-09-18,14.25,Harian,Poin
Policy Interest Rates,Brazil,2015-09-21,14.25,Harian,Poin
Policy Interest Rates,Brazil,2015-09-22,14.25,Harian,Poin
Policy Interest Rates,Brazil,2015-09-23,14.25,Harian,Poin
Policy Interest Rates,Brazil,2015-09-24,14.25,Harian,Poin
Policy Interest Rates,Brazil,2015-09-25,14.25,Harian,Poin
Policy Interest Rates,Brazil,2015-09-28,14.25,Harian,Poin
Policy Interest Rates,Brazil,2015-09-29,14.25,Harian,Poin
Policy Interest Rates,Brazil,2015-09-30,14.25,Harian,Poin
Policy Interest Rates,Brazil,2015-10-01,14.25,Harian,Poin
Policy Interest Rates,Brazil,2015-10-02,14.25,Harian,Poin
Policy Interest Rates,Brazil,2015-10-05,14.25,Harian,Poin
Policy Interest Rates,Brazil,2015-10-06,14.25,Harian,Poin
Policy Interest Rates,Brazil,2015-10-07,14.25,Harian,Poin
Policy Interest Rates,Brazil,2015-10-08,14.25,Harian,Poin
Policy Interest Rates,Brazil,2015-10-09,14.25,Harian,Poin
Policy Interest Rates,Brazil,2015-10-12,14.25,Harian,Poin
Policy Interest Rates,Brazil,2015-10-13,14.25,Harian,Poin
Policy Interest Rates,Brazil,2015-10-14,14.25,Harian,Poin
Policy Interest Rates,Brazil,2015-10-15,14.25,Harian,Poin
Policy Interest Rates,Brazil,2015-10-16,14.25,Harian,Poin
Policy Interest Rates,Brazil,2015-10-19,14.25,Harian,Poin
Policy Interest Rates,Brazil,2015-10-20,14.25,Harian,Poin
Policy Interest Rates,Brazil,2015-10-21,14.25,Harian,Poin
Policy Interest Rates,Brazil,2015-10-22,14.25,Harian,Poin
Policy Interest Rates,Brazil,2015-10-23,14.25,Harian,Poin
Policy Interest Rates,Brazil,2015-10-26,14.25,Harian,Poin
Policy Interest Rates,Brazil,2015-10-27,14.25,Harian,Poin
Policy Interest Rates,Brazil,2015-10-28,14.25,Harian,Poin
Policy Interest Rates,Brazil,2015-10-29,14.25,Harian,Poin
Policy Interest Rates,Brazil,2015-10-30,14.25,Harian,Poin
Policy Interest Rates,Brazil,2015-11-02,14.25,Harian,Poin
Policy Interest Rates,Brazil,2015-11-03,14.25,Harian,Poin
Policy Interest Rates,Brazil,2015-11-04,14.25,Harian,Poin
Policy Interest Rates,Brazil,2015-11-05,14.25,Harian,Poin
Policy Interest Rates,Brazil,2015-11-06,14.25,Harian,Poin
Policy Interest Rates,Brazil,2015-11-09,14.25,Harian,Poin
Policy Interest Rates,Brazil,2015-11-10,14.25,Harian,Poin
Policy Interest Rates,Brazil,2015-11-11,14.25,Harian,Poin
Policy Interest Rates,Brazil,2015-11-12,14.25,Harian,Poin
Policy Interest Rates,Brazil,2015-11-13,14.25,Harian,Poin
Policy Interest Rates,Brazil,2015-11-16,14.25,Harian,Poin
Policy Interest Rates,Brazil,2015-11-17,14.25,Harian,Poin
Policy Interest Rates,Brazil,2015-11-18,14.25,Harian,Poin
Policy Interest Rates,Brazil,2015-11-19,14.25,Harian,Poin
Policy Interest Rates,Brazil,2015-11-20,14.25,Harian,Poin
Policy Interest Rates,Brazil,2015-11-23,14.25,Harian,Poin
Policy Interest Rates,Brazil,2015-11-24,14.25,Harian,Poin
Policy Interest Rates,Brazil,2015-11-25,14.25,Harian,Poin
Policy Interest Rates,Brazil,2015-11-26,14.25,Harian,Poin
Policy Interest Rates,Brazil,2015-11-27,14.25,Harian,Poin
Policy Interest Rates,Brazil,2015-11-30,14.25,Harian,Poin
Policy Interest Rates,Brazil,2015-12-01,14.25,Harian,Poin
Policy Interest Rates,Brazil,2015-12-02,14.25,Harian,Poin
Policy Interest Rates,Brazil,2015-12-03,14.25,Harian,Poin
Policy Interest Rates,Brazil,2015-12-04,14.25,Harian,Poin
Policy Interest Rates,Brazil,2015-12-07,14.25,Harian,Poin
Policy Interest Rates,Brazil,2015-12-08,14.25,Harian,Poin
Policy Interest Rates,Brazil,2015-12-09,14.25,Harian,Poin
Policy Interest Rates,Brazil,2015-12-10,14.25,Harian,Poin
Policy Interest Rates,Brazil,2015-12-11,14.25,Harian,Poin
Policy Interest Rates,Brazil,2015-12-14,14.25,Harian,Poin
Policy Interest Rates,Brazil,2015-12-15,14.25,Harian,Poin
Policy Interest Rates,Brazil,2015-12-16,14.25,Harian,Poin
Policy Interest Rates,Brazil,2015-12-17,14.25,Harian,Poin
Policy Interest Rates,Brazil,2015-12-18,14.25,Harian,Poin
Policy Interest Rates,Brazil,2015-12-21,14.25,Harian,Poin
Policy Interest Rates,Brazil,2015-12-22,14.25,Harian,Poin
Policy Interest Rates,Brazil,2015-12-23,14.25,Harian,Poin
Policy Interest Rates,Brazil,2015-12-24,14.25,Harian,Poin
Policy Interest Rates,Brazil,2015-12-25,14.25,Harian,Poin
Policy Interest Rates,Brazil,2015-12-28,14.25,Harian,Poin
Policy Interest Rates,Brazil,2015-12-29,14.25,Harian,Poin
Policy Interest Rates,Brazil,2015-12-30,14.25,Harian,Poin
Policy Interest Rates,Brazil,2015-12-31,14.25,Harian,Poin
Policy Interest Rates,Brazil,2016-01-01,14.25,Harian,Poin
Policy Interest Rates,Brazil,2016-01-04,14.25,Harian,Poin
Policy Interest Rates,Brazil,2016-01-05,14.25,Harian,Poin
Policy Interest Rates,Brazil,2016-01-06,14.25,Harian,Poin
Policy Interest Rates,Brazil,2016-01-07,14.25,Harian,Poin
Policy Interest Rates,Brazil,2016-01-08,14.25,Harian,Poin
Policy Interest Rates,Brazil,2016-01-11,14.25,Harian,Poin
Policy Interest Rates,Brazil,2016-01-12,14.25,Harian,Poin
Policy Interest Rates,Brazil,2016-01-13,14.25,Harian,Poin
Policy Interest Rates,Brazil,2016-01-14,14.25,Harian,Poin
Policy Interest Rates,Brazil,2016-01-15,14.25,Harian,Poin
Policy Interest Rates,Brazil,2016-01-18,14.25,Harian,Poin
Policy Interest Rates,Brazil,2016-01-19,14.25,Harian,Poin
Policy Interest Rates,Brazil,2016-01-20,14.25,Harian,Poin
Policy Interest Rates,Brazil,2016-01-21,14.25,Harian,Poin
Policy Interest Rates,Brazil,2016-01-22,14.25,Harian,Poin
Policy Interest Rates,Brazil,2016-01-25,14.25,Harian,Poin
Policy Interest Rates,Brazil,2016-01-26,14.25,Harian,Poin
Policy Interest Rates,Brazil,2016-01-27,14.25,Harian,Poin
Policy Interest Rates,Brazil,2016-01-28,14.25,Harian,Poin
Policy Interest Rates,Brazil,2016-01-29,14.25,Harian,Poin
Policy Interest Rates,Brazil,2016-02-01,14.25,Harian,Poin
Policy Interest Rates,Brazil,2016-02-02,14.25,Harian,Poin
Policy Interest Rates,Brazil,2016-02-03,14.25,Harian,Poin
Policy Interest Rates,Brazil,2016-02-04,14.25,Harian,Poin
Policy Interest Rates,Brazil,2016-02-05,14.25,Harian,Poin
Policy Interest Rates,Brazil,2016-02-08,14.25,Harian,Poin
Policy Interest Rates,Brazil,2016-02-09,14.25,Harian,Poin
Policy Interest Rates,Brazil,2016-02-10,14.25,Harian,Poin
Policy Interest Rates,Brazil,2016-02-11,14.25,Harian,Poin
Policy Interest Rates,Brazil,2016-02-12,14.25,Harian,Poin
Policy Interest Rates,Brazil,2016-02-15,14.25,Harian,Poin
Policy Interest Rates,Brazil,2016-02-16,14.25,Harian,Poin
Policy Interest Rates,Brazil,2016-02-17,14.25,Harian,Poin
Policy Interest Rates,Brazil,2016-02-18,14.25,Harian,Poin
Policy Interest Rates,Brazil,2016-02-19,14.25,Harian,Poin
Policy Interest Rates,Brazil,2016-02-22,14.25,Harian,Poin
Policy Interest Rates,Brazil,2016-02-23,14.25,Harian,Poin
Policy Interest Rates,Brazil,2016-02-24,14.25,Harian,Poin
Policy Interest Rates,Brazil,2016-02-25,14.25,Harian,Poin
Policy Interest Rates,Brazil,2016-02-26,14.25,Harian,Poin
Policy Interest Rates,Brazil,2016-02-29,14.25,Harian,Poin
Policy Interest Rates,Brazil,2016-03-01,14.25,Harian,Poin
Policy Interest Rates,Brazil,2016-03-02,14.25,Harian,Poin
Policy Interest Rates,Brazil,2016-03-03,14.25,Harian,Poin
Policy Interest Rates,Brazil,2016-03-04,14.25,Harian,Poin
Policy Interest Rates,Brazil,2016-03-07,14.25,Harian,Poin
Policy Interest Rates,Brazil,2016-03-08,14.25,Harian,Poin
Policy Interest Rates,Brazil,2016-03-09,14.25,Harian,Poin
Policy Interest Rates,Brazil,2016-03-10,14.25,Harian,Poin
Policy Interest Rates,Brazil,2016-03-11,14.25,Harian,Poin
Policy Interest Rates,Brazil,2016-03-14,14.25,Harian,Poin
Policy Interest Rates,Brazil,2016-03-15,14.25,Harian,Poin
Policy Interest Rates,Brazil,2016-03-16,14.25,Harian,Poin
Policy Interest Rates,Brazil,2016-03-17,14.25,Harian,Poin
Policy Interest Rates,Brazil,2016-03-18,14.25,Harian,Poin
Policy Interest Rates,Brazil,2016-03-21,14.25,Harian,Poin
Policy Interest Rates,Brazil,2016-03-22,14.25,Harian,Poin
Policy Interest Rates,Brazil,2016-03-23,14.25,Harian,Poin
Policy Interest Rates,Brazil,2016-03-24,14.25,Harian,Poin
Policy Interest Rates,Brazil,2016-03-25,14.25,Harian,Poin
Policy Interest Rates,Brazil,2016-03-28,14.25,Harian,Poin
Policy Interest Rates,Brazil,2016-03-29,14.25,Harian,Poin
Policy Interest Rates,Brazil,2016-03-30,14.25,Harian,Poin
Policy Interest Rates,Brazil,2016-03-31,14.25,Harian,Poin
Policy Interest Rates,Brazil,2016-04-01,14.25,Harian,Poin
Policy Interest Rates,Brazil,2016-04-04,14.25,Harian,Poin
Policy Interest Rates,Brazil,2016-04-05,14.25,Harian,Poin
Policy Interest Rates,Brazil,2016-04-06,14.25,Harian,Poin
Policy Interest Rates,Brazil,2016-04-07,14.25,Harian,Poin
Policy Interest Rates,Brazil,2016-04-08,14.25,Harian,Poin
Policy Interest Rates,Brazil,2016-04-11,14.25,Harian,Poin
Policy Interest Rates,Brazil,2016-04-12,14.25,Harian,Poin
Policy Interest Rates,Brazil,2016-04-13,14.25,Harian,Poin
Policy Interest Rates,Brazil,2016-04-14,14.25,Harian,Poin
Policy Interest Rates,Brazil,2016-04-15,14.25,Harian,Poin
Policy Interest Rates,Brazil,2016-04-18,14.25,Harian,Poin
Policy Interest Rates,Brazil,2016-04-19,14.25,Harian,Poin
Policy Interest Rates,Brazil,2016-04-20,14.25,Harian,Poin
Policy Interest Rates,Brazil,2016-04-21,14.25,Harian,Poin
Policy Interest Rates,Brazil,2016-04-22,14.25,Harian,Poin
Policy Interest Rates,Brazil,2016-04-25,14.25,Harian,Poin
Policy Interest Rates,Brazil,2016-04-26,14.25,Harian,Poin
Policy Interest Rates,Brazil,2016-04-27,14.25,Harian,Poin
Policy Interest Rates,Brazil,2016-04-28,14.25,Harian,Poin
Policy Interest Rates,Brazil,2016-04-29,14.25,Harian,Poin
Policy Interest Rates,Brazil,2016-05-02,14.25,Harian,Poin
Policy Interest Rates,Brazil,2016-05-03,14.25,Harian,Poin
Policy Interest Rates,Brazil,2016-05-04,14.25,Harian,Poin
Policy Interest Rates,Brazil,2016-05-05,14.25,Harian,Poin
Policy Interest Rates,Brazil,2016-05-06,14.25,Harian,Poin
Policy Interest Rates,Brazil,2016-05-09,14.25,Harian,Poin
Policy Interest Rates,Brazil,2016-05-10,14.25,Harian,Poin
Policy Interest Rates,Brazil,2016-05-11,14.25,Harian,Poin
Policy Interest Rates,Brazil,2016-05-12,14.25,Harian,Poin
Policy Interest Rates,Brazil,2016-05-13,14.25,Harian,Poin
Policy Interest Rates,Brazil,2016-05-16,14.25,Harian,Poin
Policy Interest Rates,Brazil,2016-05-17,14.25,Harian,Poin
Policy Interest Rates,Brazil,2016-05-18,14.25,Harian,Poin
Policy Interest Rates,Brazil,2016-05-19,14.25,Harian,Poin
Policy Interest Rates,Brazil,2016-05-20,14.25,Harian,Poin
Policy Interest Rates,Brazil,2016-05-23,14.25,Harian,Poin
Policy Interest Rates,Brazil,2016-05-24,14.25,Harian,Poin
Policy Interest Rates,Brazil,2016-05-25,14.25,Harian,Poin
Policy Interest Rates,Brazil,2016-05-26,14.25,Harian,Poin
Policy Interest Rates,Brazil,2016-05-27,14.25,Harian,Poin
Policy Interest Rates,Brazil,2016-05-30,14.25,Harian,Poin
Policy Interest Rates,Brazil,2016-05-31,14.25,Harian,Poin
Policy Interest Rates,Brazil,2016-06-01,14.25,Harian,Poin
Policy Interest Rates,Brazil,2016-06-02,14.25,Harian,Poin
Policy Interest Rates,Brazil,2016-06-03,14.25,Harian,Poin
Policy Interest Rates,Brazil,2016-06-06,14.25,Harian,Poin
Policy Interest Rates,Brazil,2016-06-07,14.25,Harian,Poin
Policy Interest Rates,Brazil,2016-06-08,14.25,Harian,Poin
Policy Interest Rates,Brazil,2016-06-09,14.25,Harian,Poin
Policy Interest Rates,Brazil,2016-06-10,14.25,Harian,Poin
Policy Interest Rates,Brazil,2016-06-13,14.25,Harian,Poin
Policy Interest Rates,Brazil,2016-06-14,14.25,Harian,Poin
Policy Interest Rates,Brazil,2016-06-15,14.25,Harian,Poin
Policy Interest Rates,Brazil,2016-06-16,14.25,Harian,Poin
Policy Interest Rates,Brazil,2016-06-17,14.25,Harian,Poin
Policy Interest Rates,Brazil,2016-06-20,14.25,Harian,Poin
Policy Interest Rates,Brazil,2016-06-21,14.25,Harian,Poin
Policy Interest Rates,Brazil,2016-06-22,14.25,Harian,Poin
Policy Interest Rates,Brazil,2016-06-23,14.25,Harian,Poin
Policy Interest Rates,Brazil,2016-06-24,14.25,Harian,Poin
Policy Interest Rates,Brazil,2016-06-27,14.25,Harian,Poin
Policy Interest Rates,Brazil,2016-06-28,14.25,Harian,Poin
Policy Interest Rates,Brazil,2016-06-29,14.25,Harian,Poin
Policy Interest Rates,Brazil,2016-06-30,14.25,Harian,Poin
Policy Interest Rates,Brazil,2016-07-01,14.25,Harian,Poin
Policy Interest Rates,Brazil,2016-07-04,14.25,Harian,Poin
Policy Interest Rates,Brazil,2016-07-05,14.25,Harian,Poin
Policy Interest Rates,Brazil,2016-07-06,14.25,Harian,Poin
Policy Interest Rates,Brazil,2016-07-07,14.25,Harian,Poin
Policy Interest Rates,Brazil,2016-07-08,14.25,Harian,Poin
Policy Interest Rates,Brazil,2016-07-11,14.25,Harian,Poin
Policy Interest Rates,Brazil,2016-07-12,14.25,Harian,Poin
Policy Interest Rates,Brazil,2016-07-13,14.25,Harian,Poin
Policy Interest Rates,Brazil,2016-07-14,14.25,Harian,Poin
Policy Interest Rates,Brazil,2016-07-15,14.25,Harian,Poin
Policy Interest Rates,Brazil,2016-07-18,14.25,Harian,Poin
Policy Interest Rates,Brazil,2016-07-19,14.25,Harian,Poin
Policy Interest Rates,Brazil,2016-07-20,14.25,Harian,Poin
Policy Interest Rates,Brazil,2016-07-21,14.25,Harian,Poin
Policy Interest Rates,Brazil,2016-07-22,14.25,Harian,Poin
Policy Interest Rates,Brazil,2016-07-25,14.25,Harian,Poin
Policy Interest Rates,Brazil,2016-07-26,14.25,Harian,Poin
Policy Interest Rates,Brazil,2016-07-27,14.25,Harian,Poin
Policy Interest Rates,Brazil,2016-07-28,14.25,Harian,Poin
Policy Interest Rates,Brazil,2016-07-29,14.25,Harian,Poin
Policy Interest Rates,Brazil,2016-08-01,14.25,Harian,Poin
Policy Interest Rates,Brazil,2016-08-02,14.25,Harian,Poin
Policy Interest Rates,Brazil,2016-08-03,14.25,Harian,Poin
Policy Interest Rates,Brazil,2016-08-04,14.25,Harian,Poin
Policy Interest Rates,Brazil,2016-08-05,14.25,Harian,Poin
Policy Interest Rates,Brazil,2016-08-08,14.25,Harian,Poin
Policy Interest Rates,Brazil,2016-08-09,14.25,Harian,Poin
Policy Interest Rates,Brazil,2016-08-10,14.25,Harian,Poin
Policy Interest Rates,Brazil,2016-08-11,14.25,Harian,Poin
Policy Interest Rates,Brazil,2016-08-12,14.25,Harian,Poin
Policy Interest Rates,Brazil,2016-08-15,14.25,Harian,Poin
Policy Interest Rates,Brazil,2016-08-16,14.25,Harian,Poin
Policy Interest Rates,Brazil,2016-08-17,14.25,Harian,Poin
Policy Interest Rates,Brazil,2016-08-18,14.25,Harian,Poin
Policy Interest Rates,Brazil,2016-08-19,14.25,Harian,Poin
Policy Interest Rates,Brazil,2016-08-22,14.25,Harian,Poin
Policy Interest Rates,Brazil,2016-08-23,14.25,Harian,Poin
Policy Interest Rates,Brazil,2016-08-24,14.25,Harian,Poin
Policy Interest Rates,Brazil,2016-08-25,14.25,Harian,Poin
Policy Interest Rates,Brazil,2016-08-26,14.25,Harian,Poin
Policy Interest Rates,Brazil,2016-08-29,14.25,Harian,Poin
Policy Interest Rates,Brazil,2016-08-30,14.25,Harian,Poin
Policy Interest Rates,Brazil,2016-08-31,14.25,Harian,Poin
Policy Interest Rates,Brazil,2016-09-01,14.25,Harian,Poin
Policy Interest Rates,Brazil,2016-09-02,14.25,Harian,Poin
Policy Interest Rates,Brazil,2016-09-05,14.25,Harian,Poin
Policy Interest Rates,Brazil,2016-09-06,14.25,Harian,Poin
Policy Interest Rates,Brazil,2016-09-07,14.25,Harian,Poin
Policy Interest Rates,Brazil,2016-09-08,14.25,Harian,Poin
Policy Interest Rates,Brazil,2016-09-09,14.25,Harian,Poin
Policy Interest Rates,Brazil,2016-09-12,14.25,Harian,Poin
Policy Interest Rates,Brazil,2016-09-13,14.25,Harian,Poin
Policy Interest Rates,Brazil,2016-09-14,14.25,Harian,Poin
Policy Interest Rates,Brazil,2016-09-15,14.25,Harian,Poin
Policy Interest Rates,Brazil,2016-09-16,14.25,Harian,Poin
Policy Interest Rates,Brazil,2016-09-19,14.25,Harian,Poin
Policy Interest Rates,Brazil,2016-09-20,14.25,Harian,Poin
Policy Interest Rates,Brazil,2016-09-21,14.25,Harian,Poin
Policy Interest Rates,Brazil,2016-09-22,14.25,Harian,Poin
Policy Interest Rates,Brazil,2016-09-23,14.25,Harian,Poin
Policy Interest Rates,Brazil,2016-09-26,14.25,Harian,Poin
Policy Interest Rates,Brazil,2016-09-27,14.25,Harian,Poin
Policy Interest Rates,Brazil,2016-09-28,14.25,Harian,Poin
Policy Interest Rates,Brazil,2016-09-29,14.25,Harian,Poin
Policy Interest Rates,Brazil,2016-09-30,14.25,Harian,Poin
Policy Interest Rates,Brazil,2016-10-03,14.25,Harian,Poin
Policy Interest Rates,Brazil,2016-10-04,14.25,Harian,Poin
Policy Interest Rates,Brazil,2016-10-05,14.25,Harian,Poin
Policy Interest Rates,Brazil,2016-10-06,14.25,Harian,Poin
Policy Interest Rates,Brazil,2016-10-07,14.25,Harian,Poin
Policy Interest Rates,Brazil,2016-10-10,14.25,Harian,Poin
Policy Interest Rates,Brazil,2016-10-11,14.25,Harian,Poin
Policy Interest Rates,Brazil,2016-10-12,14.25,Harian,Poin
Policy Interest Rates,Brazil,2016-10-13,14.25,Harian,Poin
Policy Interest Rates,Brazil,2016-10-14,14.25,Harian,Poin
Policy Interest Rates,Brazil,2016-10-17,14.25,Harian,Poin
Policy Interest Rates,Brazil,2016-10-18,14.25,Harian,Poin
Policy Interest Rates,Brazil,2016-10-19,14,Harian,Poin
Policy Interest Rates,Brazil,2016-10-20,14,Harian,Poin
Policy Interest Rates,Brazil,2016-10-21,14,Harian,Poin
Policy Interest Rates,Brazil,2016-10-24,14,Harian,Poin
Policy Interest Rates,Brazil,2016-10-25,14,Harian,Poin
Policy Interest Rates,Brazil,2016-10-26,14,Harian,Poin
Policy Interest Rates,Brazil,2016-10-27,14,Harian,Poin
Policy Interest Rates,Brazil,2016-10-28,14,Harian,Poin
Policy Interest Rates,Brazil,2016-10-31,14,Harian,Poin
Policy Interest Rates,Brazil,2016-11-01,14,Harian,Poin
Policy Interest Rates,Brazil,2016-11-02,14,Harian,Poin
Policy Interest Rates,Brazil,2016-11-03,14,Harian,Poin
Policy Interest Rates,Brazil,2016-11-04,14,Harian,Poin
Policy Interest Rates,Brazil,2016-11-07,14,Harian,Poin
Policy Interest Rates,Brazil,2016-11-08,14,Harian,Poin
Policy Interest Rates,Brazil,2016-11-09,14,Harian,Poin
Policy Interest Rates,Brazil,2016-11-10,14,Harian,Poin
Policy Interest Rates,Brazil,2016-11-11,14,Harian,Poin
Policy Interest Rates,Brazil,2016-11-14,14,Harian,Poin
Policy Interest Rates,Brazil,2016-11-15,14,Harian,Poin
Policy Interest Rates,Brazil,2016-11-16,14,Harian,Poin
Policy Interest Rates,Brazil,2016-11-17,14,Harian,Poin
Policy Interest Rates,Brazil,2016-11-18,14,Harian,Poin
Policy Interest Rates,Brazil,2016-11-22,14,Harian,Poin
Policy Interest Rates,Brazil,2016-11-23,14,Harian,Poin
Policy Interest Rates,Brazil,2016-11-24,14,Harian,Poin
Policy Interest Rates,Brazil,2016-11-25,14,Harian,Poin
Policy Interest Rates,Brazil,2016-11-28,14,Harian,Poin
Policy Interest Rates,Brazil,2016-11-29,14,Harian,Poin
Policy Interest Rates,Brazil,2016-11-30,13.75,Harian,Poin
Policy Interest Rates,Brazil,2016-12-01,13.75,Harian,Poin
Policy Interest Rates,Brazil,2016-12-02,13.75,Harian,Poin
Policy Interest Rates,Brazil,2016-12-05,13.75,Harian,Poin
Policy Interest Rates,Brazil,2016-12-06,13.75,Harian,Poin
Policy Interest Rates,Brazil,2016-12-07,13.75,Harian,Poin
Policy Interest Rates,Brazil,2016-12-08,13.75,Harian,Poin
Policy Interest Rates,Brazil,2016-12-09,13.75,Harian,Poin
Policy Interest Rates,Brazil,2016-12-12,13.75,Harian,Poin
Policy Interest Rates,Brazil,2016-12-13,13.75,Harian,Poin
Policy Interest Rates,Brazil,2016-12-14,13.75,Harian,Poin
Policy Interest Rates,Brazil,2016-12-15,13.75,Harian,Poin
Policy Interest Rates,Brazil,2016-12-16,13.75,Harian,Poin
Policy Interest Rates,Brazil,2016-12-19,13.75,Harian,Poin
Policy Interest Rates,Brazil,2016-12-20,13.75,Harian,Poin
Policy Interest Rates,Brazil,2016-12-21,13.75,Harian,Poin
Policy Interest Rates,Brazil,2016-12-22,13.75,Harian,Poin
Policy Interest Rates,Brazil,2016-12-23,13.75,Harian,Poin
Policy Interest Rates,Brazil,2016-12-26,13.75,Harian,Poin
Policy Interest Rates,Brazil,2016-12-27,13.75,Harian,Poin
Policy Interest Rates,Brazil,2016-12-28,13.75,Harian,Poin
Policy Interest Rates,Brazil,2016-12-29,13.75,Harian,Poin
Policy Interest Rates,Brazil,2016-12-30,13.75,Harian,Poin
Policy Interest Rates,Brazil,2017-01-02,13.75,Harian,Poin
Policy Interest Rates,Brazil,2017-01-03,13.75,Harian,Poin
Policy Interest Rates,Brazil,2017-01-04,13.75,Harian,Poin
Policy Interest Rates,Brazil,2017-01-05,13.75,Harian,Poin
Policy Interest Rates,Brazil,2017-01-06,13.75,Harian,Poin
Policy Interest Rates,Brazil,2017-01-09,13.75,Harian,Poin
Policy Interest Rates,Brazil,2017-01-10,13.75,Harian,Poin
Policy Interest Rates,Brazil,2017-01-11,13,Harian,Poin
Policy Interest Rates,Brazil,2017-01-12,13,Harian,Poin
Policy Interest Rates,Brazil,2017-01-13,13,Harian,Poin
Policy Interest Rates,Brazil,2017-01-16,13,Harian,Poin
Policy Interest Rates,Brazil,2017-01-17,13,Harian,Poin
Policy Interest Rates,Brazil,2017-01-18,13,Harian,Poin
Policy Interest Rates,Brazil,2017-01-19,13,Harian,Poin
Policy Interest Rates,Brazil,2017-01-20,13,Harian,Poin
Policy Interest Rates,Brazil,2017-01-23,13,Harian,Poin
Policy Interest Rates,Brazil,2017-01-24,13,Harian,Poin
Policy Interest Rates,Brazil,2017-01-25,13,Harian,Poin
Policy Interest Rates,Brazil,2017-01-26,13,Harian,Poin
Policy Interest Rates,Brazil,2017-01-27,13,Harian,Poin
Policy Interest Rates,Brazil,2017-01-30,13,Harian,Poin
Policy Interest Rates,Brazil,2017-01-31,13,Harian,Poin
Policy Interest Rates,Brazil,2017-02-01,13,Harian,Poin
Policy Interest Rates,Brazil,2017-02-02,13,Harian,Poin
Policy Interest Rates,Brazil,2017-02-03,13,Harian,Poin
Policy Interest Rates,Brazil,2017-02-06,13,Harian,Poin
Policy Interest Rates,Brazil,2017-02-07,13,Harian,Poin
Policy Interest Rates,Brazil,2017-02-08,13,Harian,Poin
Policy Interest Rates,Brazil,2017-02-09,13,Harian,Poin
Policy Interest Rates,Brazil,2017-02-10,13,Harian,Poin
Policy Interest Rates,Brazil,2017-02-13,13,Harian,Poin
Policy Interest Rates,Brazil,2017-02-14,13,Harian,Poin
Policy Interest Rates,Brazil,2017-02-15,13,Harian,Poin
Policy Interest Rates,Brazil,2017-02-16,13,Harian,Poin
Policy Interest Rates,Brazil,2017-02-17,13,Harian,Poin
Policy Interest Rates,Brazil,2017-02-20,13,Harian,Poin
Policy Interest Rates,Brazil,2017-02-21,13,Harian,Poin
Policy Interest Rates,Brazil,2017-02-22,12.25,Harian,Poin
Policy Interest Rates,Brazil,2017-02-23,12.25,Harian,Poin
Policy Interest Rates,Brazil,2017-02-24,12.25,Harian,Poin
Policy Interest Rates,Brazil,2017-02-27,12.25,Harian,Poin
Policy Interest Rates,Brazil,2017-02-28,12.25,Harian,Poin
Policy Interest Rates,Brazil,2017-03-01,12.25,Harian,Poin
Policy Interest Rates,Brazil,2017-03-02,12.25,Harian,Poin
Policy Interest Rates,Brazil,2017-03-03,12.25,Harian,Poin
Policy Interest Rates,Brazil,2017-03-06,12.25,Harian,Poin
Policy Interest Rates,Brazil,2017-03-07,12.25,Harian,Poin
Policy Interest Rates,Brazil,2017-03-08,12.25,Harian,Poin
Policy Interest Rates,Brazil,2017-03-09,12.25,Harian,Poin
Policy Interest Rates,Brazil,2017-03-10,12.25,Harian,Poin
Policy Interest Rates,Brazil,2017-03-13,12.25,Harian,Poin
Policy Interest Rates,Brazil,2017-03-14,12.25,Harian,Poin
Policy Interest Rates,Brazil,2017-03-15,12.25,Harian,Poin
Policy Interest Rates,Brazil,2017-03-16,12.25,Harian,Poin
Policy Interest Rates,Brazil,2017-03-17,12.25,Harian,Poin
Policy Interest Rates,Brazil,2017-03-20,12.25,Harian,Poin
Policy Interest Rates,Brazil,2017-03-21,12.25,Harian,Poin
Policy Interest Rates,Brazil,2017-03-22,12.25,Harian,Poin
Policy Interest Rates,Brazil,2017-03-23,12.25,Harian,Poin
Policy Interest Rates,Brazil,2017-03-24,12.25,Harian,Poin
Policy Interest Rates,Brazil,2017-03-27,12.25,Harian,Poin
Policy Interest Rates,Brazil,2017-03-28,12.25,Harian,Poin
Policy Interest Rates,Brazil,2017-03-29,12.25,Harian,Poin
Policy Interest Rates,Brazil,2017-03-30,12.25,Harian,Poin
Policy Interest Rates,Brazil,2017-03-31,12.25,Harian,Poin
Policy Interest Rates,Brazil,2017-04-03,12.25,Harian,Poin
Policy Interest Rates,Brazil,2017-04-04,12.25,Harian,Poin
Policy Interest Rates,Brazil,2017-04-05,12.25,Harian,Poin
Policy Interest Rates,Brazil,2017-04-06,12.25,Harian,Poin
Policy Interest Rates,Brazil,2017-04-07,12.25,Harian,Poin
Policy Interest Rates,Brazil,2017-04-10,12.25,Harian,Poin
Policy Interest Rates,Brazil,2017-04-11,12.25,Harian,Poin
Policy Interest Rates,Brazil,2017-04-12,11.25,Harian,Poin
Policy Interest Rates,Brazil,2017-04-13,11.25,Harian,Poin
Policy Interest Rates,Brazil,2017-04-14,11.25,Harian,Poin
Policy Interest Rates,Brazil,2017-04-17,11.25,Harian,Poin
Policy Interest Rates,Brazil,2017-04-18,11.25,Harian,Poin
Policy Interest Rates,Brazil,2017-04-19,11.25,Harian,Poin
Policy Interest Rates,Brazil,2017-04-20,11.25,Harian,Poin
Policy Interest Rates,Brazil,2017-04-21,11.25,Harian,Poin
Policy Interest Rates,Brazil,2017-04-24,11.25,Harian,Poin
Policy Interest Rates,Brazil,2017-04-25,11.25,Harian,Poin
Policy Interest Rates,Brazil,2017-04-26,11.25,Harian,Poin
Policy Interest Rates,Brazil,2017-04-27,11.25,Harian,Poin
Policy Interest Rates,Brazil,2017-04-28,11.25,Harian,Poin
Policy Interest Rates,Brazil,2017-05-01,11.25,Harian,Poin
Policy Interest Rates,Brazil,2017-05-02,11.25,Harian,Poin
Policy Interest Rates,Brazil,2017-05-03,11.25,Harian,Poin
Policy Interest Rates,Brazil,2017-05-04,11.25,Harian,Poin
Policy Interest Rates,Brazil,2017-05-05,11.25,Harian,Poin
Policy Interest Rates,Brazil,2017-05-08,11.25,Harian,Poin
Policy Interest Rates,Brazil,2017-05-09,11.25,Harian,Poin
Policy Interest Rates,Brazil,2017-05-10,11.25,Harian,Poin
Policy Interest Rates,Brazil,2017-05-11,11.25,Harian,Poin
Policy Interest Rates,Brazil,2017-05-12,11.25,Harian,Poin
Policy Interest Rates,Brazil,2017-05-15,11.25,Harian,Poin
Policy Interest Rates,Brazil,2017-05-16,11.25,Harian,Poin
Policy Interest Rates,Brazil,2017-05-17,11.25,Harian,Poin
Policy Interest Rates,Brazil,2017-05-18,11.25,Harian,Poin
Policy Interest Rates,Brazil,2017-05-19,11.25,Harian,Poin
Policy Interest Rates,Brazil,2017-05-22,11.25,Harian,Poin
Policy Interest Rates,Brazil,2017-05-23,11.25,Harian,Poin
Policy Interest Rates,Brazil,2017-05-24,11.25,Harian,Poin
Policy Interest Rates,Brazil,2017-05-25,11.25,Harian,Poin
Policy Interest Rates,Brazil,2017-05-26,11.25,Harian,Poin
Policy Interest Rates,Brazil,2017-05-29,11.25,Harian,Poin
Policy Interest Rates,Brazil,2017-05-30,11.25,Harian,Poin
Policy Interest Rates,Brazil,2017-05-31,10.25,Harian,Poin
Policy Interest Rates,Brazil,2017-06-01,10.25,Harian,Poin
Policy Interest Rates,Brazil,2017-06-02,10.25,Harian,Poin
Policy Interest Rates,Brazil,2017-06-05,10.25,Harian,Poin
Policy Interest Rates,Brazil,2017-06-06,10.25,Harian,Poin
Policy Interest Rates,Brazil,2017-06-07,10.25,Harian,Poin
Policy Interest Rates,Brazil,2017-06-08,10.25,Harian,Poin
Policy Interest Rates,Brazil,2017-06-09,10.25,Harian,Poin
Policy Interest Rates,Brazil,2017-06-12,10.25,Harian,Poin
Policy Interest Rates,Brazil,2017-06-13,10.25,Harian,Poin
Policy Interest Rates,Brazil,2017-06-14,10.25,Harian,Poin
Policy Interest Rates,Brazil,2017-06-15,10.25,Harian,Poin
Policy Interest Rates,Brazil,2017-06-16,10.25,Harian,Poin
Policy Interest Rates,Brazil,2017-06-19,10.25,Harian,Poin
Policy Interest Rates,Brazil,2017-06-20,10.25,Harian,Poin
Policy Interest Rates,Brazil,2017-06-21,10.25,Harian,Poin
Policy Interest Rates,Brazil,2017-06-22,10.25,Harian,Poin
Policy Interest Rates,Brazil,2017-06-23,10.25,Harian,Poin
Policy Interest Rates,Brazil,2017-06-26,10.25,Harian,Poin
Policy Interest Rates,Brazil,2017-06-27,10.25,Harian,Poin
Policy Interest Rates,Brazil,2017-06-28,10.25,Harian,Poin
Policy Interest Rates,Brazil,2017-06-29,10.25,Harian,Poin
Policy Interest Rates,Brazil,2017-06-30,10.25,Harian,Poin
Policy Interest Rates,Brazil,2017-07-03,10.25,Harian,Poin
Policy Interest Rates,Brazil,2017-07-04,10.25,Harian,Poin
Policy Interest Rates,Brazil,2017-07-05,10.25,Harian,Poin
Policy Interest Rates,Brazil,2017-07-06,10.25,Harian,Poin
Policy Interest Rates,Brazil,2017-07-07,10.25,Harian,Poin
Policy Interest Rates,Brazil,2017-07-10,10.25,Harian,Poin
Policy Interest Rates,Brazil,2017-07-11,10.25,Harian,Poin
Policy Interest Rates,Brazil,2017-07-12,10.25,Harian,Poin
Policy Interest Rates,Brazil,2017-07-13,10.25,Harian,Poin
Policy Interest Rates,Brazil,2017-07-14,10.25,Harian,Poin
Policy Interest Rates,Brazil,2017-07-17,10.25,Harian,Poin
Policy Interest Rates,Brazil,2017-07-18,10.25,Harian,Poin
Policy Interest Rates,Brazil,2017-07-19,10.25,Harian,Poin
Policy Interest Rates,Brazil,2017-07-20,10.25,Harian,Poin
Policy Interest Rates,Brazil,2017-07-21,10.25,Harian,Poin
Policy Interest Rates,Brazil,2017-07-24,10.25,Harian,Poin
Policy Interest Rates,Brazil,2017-07-25,10.25,Harian,Poin
Policy Interest Rates,Brazil,2017-07-26,9.25,Harian,Poin
Policy Interest Rates,Brazil,2017-07-27,9.25,Harian,Poin
Policy Interest Rates,Brazil,2017-07-28,9.25,Harian,Poin
Policy Interest Rates,Brazil,2017-07-31,9.25,Harian,Poin
Policy Interest Rates,Brazil,2017-08-01,9.25,Harian,Poin
Policy Interest Rates,Brazil,2017-08-02,9.25,Harian,Poin
Policy Interest Rates,Brazil,2017-08-03,9.25,Harian,Poin
Policy Interest Rates,Brazil,2017-08-04,9.25,Harian,Poin
Policy Interest Rates,Brazil,2017-08-07,9.25,Harian,Poin
Policy Interest Rates,Brazil,2017-08-08,9.25,Harian,Poin
Policy Interest Rates,Brazil,2017-08-09,9.25,Harian,Poin
Policy Interest Rates,Brazil,2017-08-10,9.25,Harian,Poin
Policy Interest Rates,Brazil,2017-08-11,9.25,Harian,Poin
Policy Interest Rates,Brazil,2017-08-14,9.25,Harian,Poin
Policy Interest Rates,Brazil,2017-08-15,9.25,Harian,Poin
Policy Interest Rates,Brazil,2017-08-16,9.25,Harian,Poin
Policy Interest Rates,Brazil,2017-08-17,9.25,Harian,Poin
Policy Interest Rates,Brazil,2017-08-18,9.25,Harian,Poin
Policy Interest Rates,Brazil,2017-08-21,9.25,Harian,Poin
Policy Interest Rates,Brazil,2017-08-22,9.25,Harian,Poin
Policy Interest Rates,Brazil,2017-08-23,9.25,Harian,Poin
Policy Interest Rates,Brazil,2017-08-24,9.25,Harian,Poin
Policy Interest Rates,Brazil,2017-08-25,9.25,Harian,Poin
Policy Interest Rates,Brazil,2017-08-28,9.25,Harian,Poin
Policy Interest Rates,Brazil,2017-08-30,9.25,Harian,Poin
Policy Interest Rates,Brazil,2017-08-31,9.25,Harian,Poin
Policy Interest Rates,Brazil,2017-09-01,9.25,Harian,Poin
Policy Interest Rates,Brazil,2017-09-04,9.25,Harian,Poin
Policy Interest Rates,Brazil,2017-09-05,9.25,Harian,Poin
Policy Interest Rates,Brazil,2017-09-06,8.25,Harian,Poin
Policy Interest Rates,Brazil,2017-09-07,8.25,Harian,Poin
Policy Interest Rates,Brazil,2017-09-08,8.25,Harian,Poin
Policy Interest Rates,Brazil,2017-09-11,8.25,Harian,Poin
Policy Interest Rates,Brazil,2017-09-12,8.25,Harian,Poin
Policy Interest Rates,Brazil,2017-09-13,8.25,Harian,Poin
Policy Interest Rates,Brazil,2017-09-14,8.25,Harian,Poin
Policy Interest Rates,Brazil,2017-09-15,8.25,Harian,Poin
Policy Interest Rates,Brazil,2017-09-18,8.25,Harian,Poin
Policy Interest Rates,Brazil,2017-09-19,8.25,Harian,Poin
Policy Interest Rates,Brazil,2017-09-20,8.25,Harian,Poin
Policy Interest Rates,Brazil,2017-09-21,8.25,Harian,Poin
Policy Interest Rates,Brazil,2017-09-22,8.25,Harian,Poin
Policy Interest Rates,Brazil,2017-09-25,8.25,Harian,Poin
Policy Interest Rates,Brazil,2017-09-26,8.25,Harian,Poin
Policy Interest Rates,Brazil,2017-09-27,8.25,Harian,Poin
Policy Interest Rates,Brazil,2017-09-28,8.25,Harian,Poin
Policy Interest Rates,Brazil,2017-09-29,8.25,Harian,Poin
Policy Interest Rates,Brazil,2017-10-02,8.25,Harian,Poin
Policy Interest Rates,Brazil,2017-10-03,8.25,Harian,Poin
Policy Interest Rates,Brazil,2017-10-04,8.25,Harian,Poin
Policy Interest Rates,Brazil,2017-10-05,8.25,Harian,Poin
Policy Interest Rates,Brazil,2017-10-06,8.25,Harian,Poin
Policy Interest Rates,Brazil,2017-10-09,8.25,Harian,Poin
Policy Interest Rates,Brazil,2017-10-10,8.25,Harian,Poin
Policy Interest Rates,Brazil,2017-10-11,8.25,Harian,Poin
Policy Interest Rates,Brazil,2017-10-12,8.25,Harian,Poin
Policy Interest Rates,Brazil,2017-10-13,8.25,Harian,Poin
Policy Interest Rates,Brazil,2017-10-16,8.25,Harian,Poin
Policy Interest Rates,Brazil,2017-10-17,8.25,Harian,Poin
Policy Interest Rates,Brazil,2017-10-18,8.25,Harian,Poin
Policy Interest Rates,Brazil,2017-10-19,8.25,Harian,Poin
Policy Interest Rates,Brazil,2017-10-20,8.25,Harian,Poin
Policy Interest Rates,Brazil,2017-10-23,8.25,Harian,Poin
Policy Interest Rates,Brazil,2017-10-24,8.25,Harian,Poin
Policy Interest Rates,Brazil,2017-10-25,7.5,Harian,Poin
Policy Interest Rates,Brazil,2017-10-26,7.5,Harian,Poin
Policy Interest Rates,Brazil,2017-10-27,7.5,Harian,Poin
Policy Interest Rates,Brazil,2017-10-30,7.5,Harian,Poin
Policy Interest Rates,Brazil,2017-10-31,7.5,Harian,Poin
Policy Interest Rates,Brazil,2017-11-01,7.5,Harian,Poin
Policy Interest Rates,Brazil,2017-11-02,7.5,Harian,Poin
Policy Interest Rates,Brazil,2017-11-03,7.5,Harian,Poin
Policy Interest Rates,Brazil,2017-11-06,7.5,Harian,Poin
Policy Interest Rates,Brazil,2017-11-07,7.5,Harian,Poin
Policy Interest Rates,Brazil,2017-11-08,7.5,Harian,Poin
Policy Interest Rates,Brazil,2017-11-09,7.5,Harian,Poin
Policy Interest Rates,Brazil,2017-11-10,7.5,Harian,Poin
Policy Interest Rates,Brazil,2017-11-13,7.5,Harian,Poin
Policy Interest Rates,Brazil,2017-11-14,7.5,Harian,Poin
Policy Interest Rates,Brazil,2017-11-15,7.5,Harian,Poin
Policy Interest Rates,Brazil,2017-11-16,7.5,Harian,Poin
Policy Interest Rates,Brazil,2017-11-17,7.5,Harian,Poin
Policy Interest Rates,Brazil,2017-11-20,7.5,Harian,Poin
Policy Interest Rates,Brazil,2017-11-21,7.5,Harian,Poin
Policy Interest Rates,Brazil,2017-11-22,7.5,Harian,Poin
Policy Interest Rates,Brazil,2017-11-23,7.5,Harian,Poin
Policy Interest Rates,Brazil,2017-11-24,7.5,Harian,Poin
Policy Interest Rates,Brazil,2017-11-27,7.5,Harian,Poin
Policy Interest Rates,Brazil,2017-11-28,7.5,Harian,Poin
Policy Interest Rates,Brazil,2017-11-29,7.5,Harian,Poin
Policy Interest Rates,Brazil,2017-11-30,7.5,Harian,Poin
Policy Interest Rates,Brazil,2017-12-01,7.5,Harian,Poin
Policy Interest Rates,Brazil,2017-12-04,7.5,Harian,Poin
Policy Interest Rates,Brazil,2017-12-05,7.5,Harian,Poin
Policy Interest Rates,Brazil,2017-12-06,7,Harian,Poin
Policy Interest Rates,Brazil,2017-12-07,7,Harian,Poin
Policy Interest Rates,Brazil,2017-12-08,7,Harian,Poin
Policy Interest Rates,Brazil,2017-12-11,7,Harian,Poin
Policy Interest Rates,Brazil,2017-12-12,7,Harian,Poin
Policy Interest Rates,Brazil,2017-12-13,7,Harian,Poin
Policy Interest Rates,Brazil,2017-12-14,7,Harian,Poin
Policy Interest Rates,Brazil,2017-12-15,7,Harian,Poin
Policy Interest Rates,Brazil,2017-12-18,7,Harian,Poin
Policy Interest Rates,Brazil,2017-12-19,7,Harian,Poin
Policy Interest Rates,Brazil,2017-12-20,7,Harian,Poin
Policy Interest Rates,Brazil,2017-12-21,7,Harian,Poin
Policy Interest Rates,Brazil,2017-12-22,7,Harian,Poin
Policy Interest Rates,Brazil,2017-12-25,7,Harian,Poin
Policy Interest Rates,Brazil,2017-12-26,7,Harian,Poin
Policy Interest Rates,Brazil,2017-12-27,7,Harian,Poin
Policy Interest Rates,Brazil,2017-12-28,7,Harian,Poin
Policy Interest Rates,Brazil,2017-12-29,7,Harian,Poin
Policy Interest Rates,Brazil,2018-01-01,7,Harian,Poin
Policy Interest Rates,Brazil,2018-01-02,7,Harian,Poin
Policy Interest Rates,Brazil,2018-01-03,7,Harian,Poin
Policy Interest Rates,Brazil,2018-01-04,7,Harian,Poin
Policy Interest Rates,Brazil,2018-01-05,7,Harian,Poin
Policy Interest Rates,Brazil,2018-01-08,7,Harian,Poin
Policy Interest Rates,Brazil,2018-01-09,7,Harian,Poin
Policy Interest Rates,Brazil,2018-01-10,7,Harian,Poin
Policy Interest Rates,Brazil,2018-01-11,7,Harian,Poin
Policy Interest Rates,Brazil,2018-01-12,7,Harian,Poin
Policy Interest Rates,Brazil,2018-01-15,7,Harian,Poin
